1000
-77
468
573
701
170
-46
254
322
208
730
-121
184
-193
110
306
595
597
198
-164
193
237
-150
128
230
332
7
354
51
-193
248
-196
-171
641
-154
-63
-1
246
270
167
-7
663
39
210
233
604
575
520
326
241
-177
-66
647
679
-52
505
-38
-132
186
-191
-46
-161
-58
-85
54
387
447
372
401
-21
-230
644
140
247
259
342
428
278
0
-166
-240
679
118
328
155
52
42
313
-138
220
191
-203
71
114
446
4
748
143
276
455
87
393
639
108
122
301
223
544
-145
-119
678
-48
-215
640
-54
163
329
727
339
17
407
355
550
14
516
298
560
256
-75
501
-114
454
-238
357
260
585
719
733
109
671
63
-52
149
173
212
-61
190
533
-161
40
614
479
-116
379
366
-35
613
484
283
-11
-79
-58
157
147
-230
184
-82
637
287
-140
-8
520
-223
237
203
139
624
-201
-215
481
679
-48
-236
509
-10
-69
-178
661
-139
708
520
678
545
-140
670
365
225
531
-84
561
131
298
646
388
-179
343
61
89
-137
552
156
-144
702
644
496
-112
691
275
512
559
-171
-219
617
631
184
-184
528
237
233
669
1
556
80
66
-120
-104
503
73
367
107
137
646
517
-82
415
412
483
-145
166
540
341
617
515
285
-219
6
428
578
749
-198
627
159
431
530
667
-3
544
-48
412
41
-243
6
-174
636
199
110
-20
562
63
264
-209
-21
81
-119
73
599
311
428
171
296
628
-200
-156
61
409
492
590
-244
310
295
414
-46
138
225
4
276
438
450
665
430
475
621
272
24
-193
172
356
483
222
531
536
-111
126
501
730
144
-237
-191
678
94
494
-203
196
120
245
259
-227
716
194
-46
327
589
43
-205
495
498
-208
248
385
534
91
-184
146
158
225
477
483
122
439
-47
-59
543
32
-81
-115
324
-74
542
233
444
-193
315
342
16
207
655
15
190
190
507
-31
95
-162
686
-171
116
-247
543
338
568
-58
-30
69
278
171
393
629
-102
362
610
673
470
425
715
327
433
745
711
209
79
608
210
174
632
35
634
-71
-211
547
433
587
481
68
-87
20
435
8
84
111
607
230
296
303
605
313
405
-94
279
273
42
-101
131
138
-174
-163
-29
41
216
-50
213
477
598
-152
116
178
715
21
1
749
506
658
638
558
498
731
619
-60
399
-96
698
-150
-194
651
224
-244
408
449
-182
707
380
325
-164
750
-15
212
723
91
502
461
46
-40
118
577
48
81
205
670
695
683
146
3
254
353
123
514
286
475
-157
203
-212
506
-179
301
729
159
750
-124
577
284
720
395
566
325
593
-112
-209
674
-160
249
682
299
-15
-67
-33
749
547
510
126
249
633
687
113
640
-121
194
-26
566
433
104
744
377
603
-192
393
390
391
192
333
654
-13
155
448
736
-206
86
730
586
397
699
-206
432
636
-69
14
633
477
533
557
513
684
317
730
148
642
701
645
667
428
-178
355
595
-105
-234
435
545
52
634
-159
304
638
633
31
407
168
-8
579
43
-181
173
21
36
239
627
530
84
748
517
-221
265
405
731
63
169
630
-241
421
-79
487
305
-131
44
410
215
673
-68
395
101
-199
587
65
1
372
255
173
585
-226
-48
594
-222
303
-104
423
310
111
104
-147
485
650
499
308
15
331
111
-39
-91
108
-127
393
435
-22
729
286
83
-138
400
373
436
-228
344
550
95
375
234
244
-159
-123
457
623
665
-210
53
309
502
148
-225
352
166
49
26
717
263
-208
-194
286
214
471
729
309
-90
-54
662
568
190
183
-223
332
361
81
110
193
-246
163
83
281
611
311
616
472
-222
682
-207
419
498
-93
189
382
32
-9
352
-172
235
495
438
306
624
475
475
405
114
686
-120
19
411
14
687
625
-37
157
154
364
-137
-64
-127
521
747
594
237
-170
76
476
-40
430
154
-249
570
289
151
-9
17
443
622
703
113
-164
80
427
538
8
22
62
-149
691
624
665
665
-107
538
125
383
-133
12
-191
390
260
-200
349
29
151
-82
148
11
232
199
-66
-60
55
644
221
29
240
550
596
325
260
634
-68
743
161
462
534
609
384
357
234
-14
526
-178
620
132
433
-197
-206
-118
558
40
414
292
590
119
548
-11
269
-147
-211
-70
545
601
558
235
56
79
471
20
416
-79
684
393
-28
-192
-70
736
-112
586
459
123
-50
537
36
633
695
-122
647
-140
701
182
-211
634
121
-226
-51
16
-226
719
-100
-148
458
413
30
-155
312
-129
-223
554
576
383
432
649
265
735
617
298
-223
219
454
406
212
-231
154
455
577
614
573
154
664
677
617
474
731
65
-115
481
374
367
117
-160
131
59
569
522
653
738
734
434
749
270
623
444
532
588
-205
340
-17
168
233
178
20
440
-215
487
-173
-151
229
541
652
282
541
-234
402
20
414
532
313
655
-87
679
704
45
25
723
460
-17
-8
499
-90
44
686
133
-51
325
-124
-140
641
144
172
676
533
-97
52
442
340
283
