10000
4548
1637
3270
1005
8542
7919
1694
2438
9308
8299
5570
6619
3417
7051
6552
3997
1038
7205
5456
4642
729
3329
9166
1161
2162
9645
767
2847
6695
345
5810
9240
1405
7058
9627
1141
8758
7079
9877
520
8658
3141
4806
7822
1927
5567
9369
9309
5890
4993
1447
3557
5117
7285
5862
1631
6661
2685
1533
7397
9418
515
3974
3304
7274
1231
7869
6498
7791
5545
9610
6891
1258
3443
8561
6021
6023
5841
6213
503
4148
3095
484
3609
5450
1909
6015
8855
8957
9734
5879
7755
1300
7613
1896
5053
528
2194
4463
4601
4402
2933
52
9825
8741
7853
1072
5265
8747
3120
3736
4429
4176
1566
304
8097
576
1072
7521
7874
5163
7301
8345
1627
7654
6450
5520
6998
8182
9582
1648
5862
2455
3346
1642
6776
6150
231
2881
6570
5218
9310
6907
6472
9269
7585
9207
2664
7531
1566
8173
257
1929
6821
8055
9896
7644
7637
886
7936
729
8457
6715
4513
2073
758
8435
499
9795
9478
3588
2803
9654
2269
1447
6825
3332
3127
4094
3677
2316
872
6118
76
1589
6536
8397
6237
2860
6517
1134
2947
4119
7179
7267
5044
9606
830
5429
9362
6621
3026
1195
5702
319
8946
8521
8035
7775
8989
3218
9171
1020
9082
1579
4125
6579
6381
9313
5018
2795
3343
4244
4733
6779
265
6957
9892
2925
1989
9595
318
7841
3870
577
1570
7377
7044
4943
4425
3712
3636
2525
6870
6576
2224
4852
1089
2696
712
5553
5600
5268
5221
2234
4649
5869
4506
1791
9266
6902
5853
3699
805
432
7005
3615
1867
2815
4512
3647
2140
6850
7258
3111
6915
1733
9694
1456
9607
349
3331
7663
2958
1592
6938
2524
5307
8648
4207
5690
1396
8888
2217
8496
1728
8587
4064
5514
9744
7947
761
3166
6634
2871
9423
2389
502
3840
7900
3762
8341
8779
1563
9068
7165
1869
5261
8037
6783
7877
5000
8635
5299
3699
4020
2741
7583
4558
843
3631
9482
628
5991
1207
5741
1748
9723
4393
1203
3936
9090
7247
7731
7728
5754
1636
5806
9121
7329
1447
402
25
997
7313
2355
9408
7267
485
1141
1404
5100
4228
6678
4090
4227
4285
2043
9196
374
6381
2836
6470
313
504
4117
4288
5878
7771
130
9261
481
7103
9967
205
8175
9431
9095
3726
763
7501
23
1070
3574
4489
8086
9028
4218
1413
1737
4840
7081
9610
9017
669
7444
4057
160
3144
677
8527
8338
8231
8609
918
7466
9286
3615
5694
9262
8728
1979
4616
1887
9139
6988
4481
714
1240
5827
2188
1965
7559
4100
7817
9157
3203
9423
2711
7031
9610
8113
2628
8553
6671
9473
2485
2311
6275
3528
7031
2540
2027
9666
1799
1009
7966
2016
3663
8799
4614
6146
9311
6020
6003
6788
842
3534
4878
2221
9548
3000
1467
6067
8518
289
2650
4491
1849
8772
1268
9893
2392
5332
4379
2397
3813
2137
2214
1595
7033
2885
5671
4348
3836
8894
6166
1009
1780
4609
6824
9100
9834
7799
7542
6814
9539
337
4986
2879
9128
2088
5630
1317
2996
5454
1908
5257
2110
2694
8041
8030
62
3419
7031
6508
7628
2288
8707
5520
8510
9380
1281
3216
5399
6296
3172
2230
4674
6346
8075
330
599
6699
6693
5662
3953
4134
3141
1741
3381
2471
3440
3658
8240
8366
2872
5697
7351
725
5679
2209
6532
4478
5668
9724
8645
5007
698
353
4989
8205
2753
3379
8925
1903
1518
9245
1862
7421
2519
4676
4529
8620
907
6444
7909
4176
429
5952
9225
2224
999
1675
9840
6403
9939
1261
489
5331
6100
8148
6323
7049
9683
202
3014
2039
2648
2938
4439
9401
5603
5110
7751
9470
6616
8738
4447
3137
2586
6044
8836
2794
9051
3186
7233
686
8985
8991
2296
5032
6108
706
7186
861
9068
5795
8883
9248
1818
2390
6868
9716
9544
4097
9952
7393
6554
8080
1190
3894
8205
7990
7576
8417
2140
4316
2657
18
1042
2241
8857
797
1480
2155
2832
9205
819
4553
9249
6574
5735
108
5207
986
2652
782
1250
5980
1612
6786
2108
1826
2140
6479
6189
5166
1703
5707
4380
4693
5123
8868
2152
4587
10000
1845
3685
5412
6717
6923
664
8343
7265
8741
8176
2777
4967
5851
9992
8541
6517
4292
6482
978
1699
759
7102
5414
8474
5170
1625
2931
4153
9088
3038
5677
8062
9009
9517
7450
9630
6195
3264
6130
1902
6227
8794
462
2814
8989
3785
8601
1967
6235
134
2641
492
1891
1751
1991
6134
3864
9126
1614
118
9832
2785
937
5327
6952
2488
2797
8859
3901
9712
4315
1840
1562
9745
3063
5866
2303
8315
1685
9843
6863
7102
7278
3735
6473
1450
1593
8460
4908
405
9330
9932
7050
5927
9274
5560
408
3991
8311
2910
2619
9213
2632
1067
2757
491
1412
7048
9877
731
9797
1077
8489
8717
1069
6390
4018
4575
3301
7145
6307
1935
3052
4272
4095
7139
6236
5085
8839
8059
5724
7676
2312
6075
2762
796
6229
386
3449
5852
2082
7784
5202
5943
5080
1461
932
3927
1308
8764
8142
9533
7673
8970
1047
9046
2767
9943
7542
2638
6863
5478
2017
9181
7979
8446
5349
5048
5773
1001
2907
4801
4694
6213
6675
6077
2971
7125
4384
6736
3329
7996
9641
4020
6720
9908
3071
3140
6797
618
4322
152
1659
929
6594
1907
7220
2319
3457
7569
3678
5815
5031
4483
5374
3796
3635
7381
3225
3230
6186
5511
3286
7485
4540
8065
7617
9509
8272
6850
1459
4179
3619
1021
8528
2239
9266
9998
8227
1692
1155
5626
490
6655
503
9958
5984
4035
1276
1389
1631
8792
3692
3239
7135
8881
7064
95
8562
8094
8341
8589
8182
8407
8566
6355
2284
4730
5082
4192
9537
1699
2391
8886
2332
8297
7512
6151
2901
4583
9828
1552
8662
9906
2338
9012
6758
1837
4814
6800
8350
51
8580
755
4812
8882
7151
166
8724
8059
9785
1876
6585
6540
3843
1114
1019
8054
8851
1820
1580
3712
5750
8331
5608
1372
8527
7491
8363
9006
6369
2259
2460
7096
7218
9710
7514
9496
9372
8397
9220
7734
5856
6730
1763
2549
5376
2284
765
4224
4625
2578
3831
7503
3213
8972
1736
4006
9358
393
5171
2044
3698
894
8393
8857
4323
1889
7172
3826
864
1958
4049
3989
9516
3389
3539
5421
1611
6845
4050
4979
4246
3578
1421
2055
7081
1180
7994
9498
9833
4614
935
6139
6961
7457
4656
9676
8959
878
2064
3980
9494
9119
2553
1357
1081
2849
4011
4427
6005
1345
2426
303
4809
7558
62
1890
9109
5880
9264
9593
5242
8681
8578
745
8088
2629
6849
5774
24
543
3107
1302
3091
8332
7145
6718
163
9759
6178
8563
861
3067
7901
8763
7955
7263
2367
7732
9036
9929
1630
8546
3576
843
5252
6666
5694
9512
1249
314
4516
3214
3524
6368
6048
7719
6085
2306
6649
8375
5310
5540
7751
8364
6427
5141
5614
2705
6986
3838
5496
6834
8421
7662
4182
5434
5075
948
7980
3928
8586
649
4077
8049
729
6398
5650
1643
6569
7
6371
1739
8531
8935
9524
7302
1388
318
7980
4701
9535
3668
8306
8567
8659
7775
5489
1363
7935
7952
3192
8124
3073
7010
4997
8448
472
243
7960
8200
4913
7084
8535
8353
1349
2702
391
4803
1570
8370
9551
4054
4644
7530
4245
3724
6085
4750
1147
1551
2325
7545
5474
3392
2497
8758
5796
7542
1173
4981
3238
465
3267
2186
2520
3133
7858
8748
8525
7906
3788
4122
5828
5128
9832
6338
7600
5872
1609
4039
8983
1184
9159
2994
3080
2061
4232
8668
1884
675
635
5782
9049
8387
6266
3296
8156
6730
1266
2527
8628
1723
7380
7424
3517
2497
3249
373
4469
915
1114
397
9383
3321
1600
4964
8504
7914
8363
5772
2954
8401
7840
3884
1215
4211
600
4139
4447
1905
2435
4611
4309
6222
6677
8476
8538
6335
3847
3896
2973
17
3168
309
9625
6316
2552
4812
7120
5156
3101
8349
4729
67
9796
6850
3206
8469
7610
3741
8553
326
3212
1924
1252
682
2322
111
3477
1420
7559
9085
21
9520
4971
7353
6112
7168
1548
4622
641
100
5317
5969
4073
9757
8360
5387
7675
8652
641
5707
4216
4609
4779
4264
7269
5434
3310
9996
9769
9720
9823
9347
7953
1080
3979
2739
8977
2912
6815
3529
8476
7562
2676
7704
2266
2315
6965
816
6395
6614
1444
6066
3432
890
5939
2789
5924
9845
4525
2871
5716
3414
3256
651
5805
9047
9407
547
6401
1956
1797
1877
3697
3517
6847
4390
1770
1406
3795
1550
614
6609
4681
9030
8016
5091
8851
2815
8416
9658
4122
8360
9925
1035
9640
3511
4240
6139
977
7402
4824
2980
8783
9477
7263
2490
9399
2146
3810
9870
5101
9598
3876
5936
4323
4180
4115
5634
159
5304
6494
9100
6116
6843
941
7952
6357
8464
8836
2785
6142
3555
9429
7025
1675
8412
7013
559
1917
5111
8516
8258
6777
6591
2375
2175
2647
3212
3062
2024
3161
7792
5721
4642
5731
6539
5582
6660
4468
239
7488
9569
2438
7271
3815
3907
3090
6053
2098
9504
4240
9928
4264
4367
6597
3026
951
9682
867
4611
8013
7268
280
7203
3987
3965
6045
3464
7287
6916
2621
6286
6202
485
7773
9050
5326
2774
7787
7870
7760
925
391
8014
3298
5541
1634
4495
6552
5404
9850
6158
2554
5890
6731
2003
488
9532
8592
902
421
3992
2442
9560
8357
8239
5716
951
3806
1074
5
1521
7160
5595
8885
9030
7675
9728
9685
1229
1632
5837
5090
748
5206
3773
1799
5563
2946
340
545
7357
6281
3179
9281
5666
2021
7279
6134
3811
5676
7838
8624
451
9075
7044
4753
6117
4911
5477
2072
4555
5161
9043
1520
859
5312
8661
7469
7165
32
1877
6809
9197
2793
5440
7217
4721
5387
3270
1856
2672
916
2099
7394
4039
4170
1654
7233
9974
5652
8612
640
3438
3903
6295
8220
8732
9136
7476
4142
4777
981
2344
2745
4465
3372
9846
912
4582
4898
9926
4135
291
1791
3427
9288
7834
8086
1199
7093
2077
889
2746
5534
5363
1056
2145
8798
8328
4778
5496
5345
5115
6805
4640
8705
4390
4839
8074
9528
9448
8347
8117
7155
1312
4395
6943
6204
3330
4440
1188
3470
8728
3566
8612
4205
8963
6822
5583
2745
9613
850
7704
1391
7937
2346
2303
3021
6076
9312
548
7601
6749
7282
9626
6908
7522
7569
5711
5836
2645
2917
5453
4403
2371
212
4572
6460
162
647
4772
6444
3142
1805
303
4680
1095
9862
8158
1225
5004
9334
4034
5075
2478
9703
2019
2498
7668
7360
4826
3098
383
6470
2353
5502
5580
3206
9887
6313
4350
9233
3873
2024
8236
4711
2096
6574
9859
8792
4640
9934
6193
383
8413
627
3395
1523
5799
876
8982
3573
8216
8666
7467
6621
2717
3047
8998
3350
6160
1606
3546
8185
9098
4178
2317
5505
7796
206
3199
3385
397
4692
7331
1612
4303
57
4083
2768
1572
6806
4098
8280
3068
1617
4114
8457
26
7545
4860
931
9411
1244
1190
9337
8848
4047
802
8117
657
1691
5734
3022
4383
3563
3513
6819
2276
5332
8654
5665
3312
747
7189
8140
9382
3866
834
1587
1401
7344
3726
8036
4010
2002
4951
8203
6107
4328
4100
1120
7441
7518
6663
499
47
7060
7277
5558
6994
9336
5136
1253
8254
1849
7700
9524
8861
7540
7540
2463
9108
910
8427
8251
8541
916
1365
1927
6358
9233
1609
2179
4208
4959
58
7771
1303
834
6305
9930
3827
1352
3947
7600
9561
3558
9048
9317
9481
9846
7422
2551
1711
616
5007
4327
8453
8481
8165
5236
5515
7716
353
9282
7073
6276
4404
2637
8167
6481
467
8537
3802
6855
9818
9146
5421
4188
8057
9156
215
5177
9269
7050
4868
140
3202
7007
2277
9053
1190
8432
8250
3721
4448
637
4553
8174
2706
7792
5936
8338
5268
364
8698
4410
6666
5241
5525
8524
9593
4227
786
8897
2387
7035
6101
2032
7962
9496
7192
2484
7903
9293
7979
5592
4319
7059
9633
8856
6205
3842
159
3227
2685
1117
8339
9865
6065
7904
5419
7259
6313
8323
7953
6514
5028
1716
4044
8911
1179
2835
8844
8879
2643
7036
4361
7081
973
2213
4198
4428
4683
3132
6488
8248
5111
9217
1152
2232
6160
2886
2147
3510
9524
9866
2643
9234
9390
8334
713
2676
7359
9603
8659
5521
4243
4179
4387
5151
6718
1644
6889
931
2395
9500
9393
4402
9514
953
1433
9575
1946
6681
3297
6519
6337
9680
2072
4028
8737
756
5611
9485
9363
4
3019
4467
3743
686
195
4450
2272
3142
7839
8464
4449
2103
2772
9041
7266
9955
7203
2844
9194
5536
332
3884
7049
2753
2376
8003
7552
2233
3561
1181
7728
1976
2035
9989
1441
5898
9381
5390
5538
1344
3919
9181
4664
604
5900
7808
2617
1987
9897
6817
2443
4488
5654
5931
3531
5287
5683
6433
2110
403
2160
2771
3487
74
8082
7314
5830
7400
479
1724
4965
7471
2081
5198
7980
5017
7621
8701
8668
1436
8197
8112
7226
5297
888
5616
7336
9560
3714
8812
1995
6615
5770
5021
229
9753
7428
1369
174
1305
3080
6936
3916
9846
4713
7461
6043
5048
7116
1101
9812
5730
375
7187
6692
2268
9542
1195
6305
6604
9409
9151
9123
2105
4541
1773
7854
456
4398
7586
1371
6030
8748
5093
1731
7994
3079
5254
4606
6789
9508
9078
2710
9811
4442
5465
2213
6516
2681
8475
782
7328
6806
5918
3277
740
9748
3329
2678
4846
8416
1370
8343
231
6343
5318
366
1841
7940
8913
3697
1925
4422
3779
9544
6245
5483
6836
4891
1962
3204
1840
79
1897
5716
4548
6398
3316
7046
3728
7655
7944
6508
1682
1659
8623
6012
1977
6349
8142
723
1828
1618
4540
8500
2323
1870
3229
835
5171
3936
7480
5230
9902
4393
6802
5650
5299
8251
9014
6990
1681
2005
6458
4724
5051
7782
297
4829
7561
8344
2377
7608
3019
967
346
8666
3541
4909
3892
4775
9062
8228
1476
2617
2710
9406
9819
983
9600
5381
762
8523
7522
8527
5693
1339
8061
7304
3925
7015
9977
142
6988
9003
3865
5235
7155
1843
2314
2988
9535
6924
1854
2597
3471
5631
9519
6071
1714
6240
8812
6756
4042
5667
5931
5105
502
8806
8666
6102
2430
2433
2934
4833
5391
9658
3523
5180
7037
5405
3204
4506
9620
5748
4641
7354
8266
6551
3560
2513
6061
8594
8870
2728
9151
7632
7622
1097
7948
3703
4848
5320
6662
6119
8123
9795
4660
7935
2455
7179
3399
8657
8548
3568
2665
6013
5906
6290
8470
9740
1482
357
9740
6526
625
8784
5779
50
2986
1200
8229
743
4130
1606
3177
7197
3557
3533
6145
8974
5829
2059
4359
4346
2815
1243
3626
4558
6084
933
196
2218
9794
9944
4829
9886
8145
7962
2582
2727
2361
6122
6545
2608
9709
714
8232
5051
2479
2841
4863
6162
5183
1681
6493
2044
4165
7611
7268
3228
7447
502
4697
5434
8329
7859
5885
8950
2858
4428
1258
6233
8956
2225
3440
9953
42
6284
9619
2203
5428
6405
1281
5042
449
8169
5085
9874
3429
6901
438
4465
3575
6751
951
6841
175
1765
1020
4883
1011
8424
1584
9875
8655
7659
1832
7223
5963
4738
6289
6674
1124
8031
1511
4347
7231
7682
7843
8003
1141
773
3738
658
5494
8751
257
8061
764
2321
7005
8726
8810
3890
5039
6499
1099
9920
9111
9514
9873
9136
3339
9019
4485
6722
1548
6903
3216
6797
6246
9917
2224
4729
7169
878
9906
1001
3031
2653
4416
7330
1702
8866
7701
2122
5857
8478
8561
5688
9950
1028
7096
586
5049
868
2577
730
3252
8125
3476
1799
3772
402
3605
8056
9138
452
4768
3362
144
6037
1679
9497
162
2905
7566
8902
6487
8046
97
5317
1521
9422
7394
7626
653
4880
7214
7847
3944
4112
3398
5119
4530
4412
9357
9725
9278
3268
1313
6852
9678
4183
8339
9355
5923
3957
2551
5405
6981
7226
6065
823
538
5530
4752
1577
3423
9286
8924
3055
290
7045
7253
8907
4829
979
8343
9029
7887
4647
4451
9451
9893
3253
4509
6196
3495
9455
8281
9017
1389
6405
7272
6315
397
4171
283
9589
5833
2018
4223
6471
9929
6010
3999
8813
8331
7333
1903
6588
7735
9944
598
7673
9719
904
4544
3008
3333
1070
4028
2791
5202
6806
48
4085
3603
1896
4081
5597
8173
5468
2281
2728
3086
3279
515
6913
4138
8313
3648
7281
3114
229
5898
8394
5521
432
5834
2176
5963
6930
8079
3138
2569
6415
2356
2389
5309
9454
3453
8497
4949
1467
4647
9715
8806
8377
1084
2337
4868
9954
6207
6485
7680
3290
404
9958
7408
1877
5382
7289
3569
2287
7377
6721
3386
568
7119
3080
8659
8690
3440
6733
7929
944
8578
571
2627
8141
3534
5418
1289
9202
3709
133
7318
7353
9687
7740
3287
8250
3146
6041
1610
6260
80
747
1768
9335
1643
2899
9659
394
7565
2034
8297
6483
9590
6250
9023
2220
4213
8327
9582
4421
4407
354
1152
6315
1170
1621
9147
4329
6314
887
9508
3290
9074
4774
1754
1699
6958
6842
3119
3981
7049
9963
7602
6927
5433
5613
758
9555
1294
9150
3815
500
7596
2924
3632
7786
7978
5522
8040
3409
3565
9323
9409
5066
7679
966
9327
1100
5928
4639
1196
889
3194
449
8198
28
5933
8215
9153
8956
2454
5436
9024
6424
4701
1399
3820
5637
1325
4852
2808
7037
6744
2871
3849
2200
9210
1293
4183
3708
4777
3493
6901
6235
8207
6848
9476
3441
8001
7801
7440
4766
2741
4640
9557
8386
7141
5417
8838
6704
5182
6044
8203
3056
4870
9502
3215
7230
2295
8630
7424
6969
7721
5538
6771
7520
7657
9129
1423
1414
9199
4100
6899
3643
7979
8671
7974
6753
6526
7200
7508
2794
5309
5001
1636
8692
7419
8943
932
4118
5488
1551
4914
3092
4943
4399
1225
9231
7414
3735
5056
724
3245
2807
8110
8917
6070
4262
3637
4925
994
1845
9291
1807
1438
7389
9598
6368
860
2291
2023
5275
1009
5779
6897
8889
1667
2809
1359
8217
9346
2641
6370
5812
2537
3750
4917
9463
595
2798
1906
2382
2356
4274
547
6753
8291
7638
8791
9140
2855
5877
4106
1376
7885
4919
2625
2777
6256
4228
1876
8280
9789
6001
4444
2140
584
6500
6968
4765
4974
8943
9318
5662
6357
8192
4991
3060
8198
1273
8146
1407
273
6469
4416
2158
2271
7593
9753
2821
9658
9157
6633
42
1046
2736
6607
1091
504
3402
623
4237
8233
9421
7050
1415
7487
8273
6793
1261
8057
2386
3781
4147
9731
4235
4584
741
9703
4665
2590
1248
6583
9040
6615
6644
1604
1125
746
5230
1813
1771
5893
9980
6327
9690
4884
8312
8897
1121
2139
6913
2252
6323
7999
2264
8396
4225
811
5246
3010
6394
9924
2186
7649
4944
4438
6988
3959
3963
7274
5253
7319
7599
3666
8661
6026
9209
4390
5044
5661
6402
6213
3482
3664
2504
7802
1461
6188
2581
8743
1656
1603
6254
4895
8564
3425
8999
130
1527
7327
5273
876
887
8042
4195
2719
262
266
1526
2310
7739
2572
8446
4220
8082
2693
1590
7241
1396
3387
2037
2353
3239
5472
3814
9235
5966
6344
529
5943
4329
5536
466
6470
2965
9587
8055
8220
2167
8679
9856
1085
8312
6031
114
417
4694
5912
5928
6682
2913
9954
6990
4787
5743
1159
6434
7170
1362
8242
3709
2392
9612
1680
6266
7081
6119
105
1757
9176
5748
6659
4927
6270
1261
9119
5349
8490
8935
4403
239
9633
5011
5734
6373
3641
3232
2792
6193
9661
5637
7505
3302
5629
9023
663
118
4409
4595
9907
1515
8317
168
3983
4709
1185
1261
7966
7420
6205
668
7919
4160
9451
5092
1210
4841
111
9006
9573
3467
1694
7579
1225
9634
1374
6205
8542
2007
667
7091
8284
3150
2450
817
8099
8092
4496
1548
1480
9716
4787
9775
7630
7836
2683
2656
744
1114
977
9900
3334
1997
3246
3964
8877
2193
5383
2386
5645
1113
6474
2480
774
1639
9853
9287
887
4211
9386
3817
6646
4353
4598
4023
379
8164
3059
5073
9097
4949
1057
3205
4051
7722
700
2168
1529
3224
6024
2504
6632
3588
4399
9656
7884
1880
8048
6353
9703
3646
2172
3600
1432
6980
4123
5414
9671
7471
6953
8379
3728
3824
2822
1333
3090
2065
4063
6678
6003
4358
3087
7591
8864
7952
4791
6969
6682
4114
2904
4758
9440
6281
91
7826
313
7097
1390
3148
8552
7229
308
5102
6314
6649
2614
9999
2554
9085
9625
8650
8725
4777
54
1154
5901
1122
1092
9465
7002
6329
4801
7003
3681
4875
7716
3799
2659
93
1470
2870
2375
5038
250
2589
6401
1642
4063
8355
7117
6660
6495
2445
8092
3176
2839
5925
302
5598
7371
7422
5347
6538
2246
908
3023
5790
5842
6091
2040
2946
6437
3357
2954
1662
8518
5950
3490
2449
585
6979
7990
539
3381
1796
4723
6531
7879
7310
3931
1204
1540
480
5505
6328
7992
3344
304
9015
8893
4044
2393
3901
3199
3012
4781
1968
7126
790
3086
2639
1023
9654
552
7936
3473
4678
1052
5456
5707
2135
8609
6278
49
9324
1437
4339
2363
2652
2291
1881
3069
9063
8458
505
9428
3822
2819
4729
998
2663
3637
7831
4146
6686
2920
9216
51
7005
7231
4685
3973
6370
7619
7909
9975
3224
7773
793
2134
6443
6789
6929
3869
1865
6777
3693
2909
1963
9231
5343
5035
4083
7774
9592
9884
6664
9119
8284
9953
6255
1191
7433
5423
178
2846
5378
3661
3608
9396
5757
8365
3598
3131
5120
8466
644
8014
2135
5368
4630
9655
7025
9317
5010
8052
846
3888
4136
529
4722
3392
1469
3178
3456
7662
9140
9165
1189
5477
920
5265
1557
529
5671
3469
9391
4149
6655
6670
6407
9035
4215
1783
5488
6779
8692
4428
2873
8439
1100
8388
2661
6622
9091
390
6550
322
5860
7436
2228
1550
8665
5644
5267
9650
2128
4856
1312
1858
4745
4211
3350
1989
109
3565
9363
8091
3436
8933
9406
3449
9334
8303
8656
8859
1882
9819
7643
381
507
5576
7764
3886
3415
5959
6170
964
7329
5824
9354
9251
6800
7650
3490
9229
5286
7404
9730
8904
2798
5781
2570
268
5785
2138
2599
3274
9612
1568
1323
9862
333
4167
2147
5837
9258
2010
5320
2480
8628
1351
7949
1312
548
8462
5560
1663
3373
4943
4179
8273
8200
1996
394
8391
7495
1641
4926
9490
5033
3857
3788
6981
2797
3582
5583
2554
1386
7934
6585
5364
4889
4915
8588
9979
3689
5222
5264
1974
7196
4239
3612
357
7538
1430
9246
8046
4351
2054
4369
133
707
5489
2189
2996
7520
7288
5556
6078
9842
3028
4712
4496
298
1352
5159
9127
4505
8884
2085
2724
8147
120
6908
7652
418
3178
9690
8499
2821
3051
7597
5675
8515
1188
4368
1093
7356
934
2777
5388
7880
3719
8576
1593
27
4746
2256
379
1173
9011
2361
5112
5651
3588
3682
3733
5931
3607
9910
9218
2602
3045
7782
24
6722
961
2071
5774
7936
1567
1534
6986
5023
4869
4836
9512
8142
6528
4678
3412
9521
6680
975
6490
1750
7351
9593
3037
547
9584
2125
7545
4627
3577
4057
2937
5456
6218
9706
5196
2962
6221
5616
3323
9852
6479
5254
6190
5291
9076
5225
9740
9778
2494
9805
3325
1962
9647
6868
2364
684
1948
4679
2719
3266
6198
5527
7371
688
3244
7209
3692
1803
2136
7841
8600
9064
3316
9350
7144
6662
9546
8323
6659
6759
7030
4575
6739
6322
4123
9054
761
2998
9284
730
1957
1637
5598
2564
7249
4862
5578
8147
4337
1701
908
132
8386
1645
7861
4256
8181
9825
9721
6870
3498
5173
6722
7511
3613
6985
107
8410
418
7610
4113
9046
6634
8901
5960
9731
8956
8220
8296
2292
2279
6296
6473
9519
5881
457
5971
2006
4891
5351
7841
3834
5846
2446
9340
4513
3415
4620
7565
1817
7469
2363
9845
1986
9807
1637
5437
7223
6313
3854
3691
1944
2985
7757
4848
5366
4849
1775
5595
7880
246
9641
5805
2892
8782
5127
6850
4383
1903
8628
7694
9534
2425
7835
6596
9135
9522
2045
476
8562
7793
4427
9782
6284
7592
8954
9451
5457
4532
4809
7194
488
8222
2493
3855
8578
9100
3180
3756
7713
6137
2414
5350
3323
1531
5489
3932
7585
8821
6361
9517
2464
6445
1521
5816
2625
625
4157
5167
2030
7117
2001
7058
8499
3675
7547
902
7311
6506
8569
3503
4059
7180
8426
5101
4197
1205
9564
3413
5284
1763
2615
8
9808
3639
8428
4363
2377
7367
5660
3677
8822
3665
2480
6348
5380
2816
3698
5861
1534
6800
7167
4806
405
4931
3007
7450
1058
1703
9296
9239
8530
7604
5420
9930
553
1840
1523
9006
7908
2643
5751
5226
7894
1731
1202
1587
8978
4947
585
1474
6133
4453
3610
2578
9425
4983
8044
2432
2829
9128
8512
3929
5775
3177
7411
7152
6770
9503
5339
1969
5724
5615
3603
1113
3107
3874
7300
7005
4066
1030
2953
4597
6514
9645
8508
3868
7625
9764
2782
3212
5707
4668
9278
7820
5611
8341
2054
2883
2651
4277
3995
2110
4321
5462
5254
856
9261
2042
8593
3057
3186
4868
9802
477
5327
7873
8916
5244
2053
4104
2063
2926
7446
1821
7930
5550
4569
9617
7164
7535
2768
6103
4571
9517
6773
265
8573
4452
6430
1897
1879
4611
5663
9494
7802
5636
1617
632
5403
8566
5728
8918
8410
1831
1036
7971
2135
3643
1994
2378
367
4093
8343
7710
6241
4296
1502
3326
8609
4088
8340
5264
4559
5809
301
5759
6903
2750
9599
4063
4159
2206
4718
3658
2620
2941
3164
3956
6802
1076
4238
9723
803
1020
3028
9207
6373
8068
3658
4728
4681
265
3972
6128
9694
6031
7236
1976
5524
9133
7869
8222
7870
1387
3653
1675
2480
5928
6037
5193
1410
3888
6619
1152
4833
2693
5121
9578
5214
8978
6354
9763
7863
582
6955
9099
7351
4405
213
7465
5212
6490
7017
6740
936
5391
5017
4063
4358
3753
8474
7639
580
3441
8877
6259
3102
4101
2906
9984
4065
5076
5319
2104
5534
6819
727
580
3899
5522
3238
785
3362
1905
1813
5792
9287
5491
98
2329
6794
3034
4586
1727
9390
4301
2800
1198
4326
2737
6063
1228
4728
2254
7983
184
2428
8382
7230
8617
6119
2779
789
8035
28
221
7958
1623
9504
2092
3187
1486
2799
6398
9283
3180
6026
5322
9899
9690
5744
5681
9555
3701
955
3476
2421
1529
5228
5263
4634
8142
2632
6914
410
6786
7238
9841
3802
3687
2063
315
3046
7614
2644
764
1760
6898
9233
368
7450
7110
9894
9705
108
1358
3067
7554
7542
7856
3106
5938
6094
179
4989
5215
3564
6611
1218
6690
165
3126
7322
9011
1291
1378
4147
238
3315
8169
7009
6128
3691
605
8757
4063
3706
1866
1993
2937
2331
513
8537
9975
7789
3105
185
1732
3650
9837
202
1570
7915
7683
2823
3906
6126
7193
9489
8495
8040
9356
2042
646
8812
8391
2659
9692
7794
2878
2326
7339
6726
9479
1822
3823
7476
6289
5314
2324
1297
6151
5469
3286
2726
6037
2047
418
2096
79
1848
114
8530
2326
9802
4801
8940
6279
7667
4948
630
9414
5454
6577
9227
7948
3589
6786
7307
9601
6640
6534
4170
8054
7078
1525
1500
4660
2547
452
1274
9654
7014
1798
9154
4838
1555
5549
6815
5434
9063
193
494
1749
473
9908
678
7564
7441
5483
555
3094
9018
8375
1810
8976
6319
2576
536
4543
8645
8334
3389
7446
5862
3081
6975
9679
4574
1262
1000
6240
1643
1470
1960
363
2839
9867
7315
8099
6651
4950
9210
496
8461
475
9564
4633
1925
6262
8225
1134
431
9643
3055
3038
566
6080
2414
1899
751
9006
3489
2770
9019
4813
8047
4408
614
5373
1330
8046
353
5124
8421
8317
9621
6458
5521
5882
4987
8930
6158
1811
2589
4345
2039
1684
3798
616
7033
2819
9097
8617
3029
8571
5725
5540
5499
4743
159
365
8978
3885
2331
6961
4065
9782
4749
3446
9957
1165
1863
116
2046
8982
6945
671
1259
9621
7691
63
5212
9328
9780
5943
9820
1130
3554
9753
8097
6995
2004
7529
2020
8147
5184
3092
119
2888
9944
4185
2546
9481
6954
9985
1087
7006
4862
1214
47
829
2907
1548
4150
752
6396
6122
6303
4816
5023
4721
87
5537
7895
3157
557
4605
1130
1140
4147
7935
825
2891
2728
2474
9708
4968
9761
3075
6373
1796
9714
4959
6611
9000
2760
1909
8542
7051
6922
5052
186
7674
7165
6492
2620
5343
788
9755
9907
6039
4257
5986
5862
412
8991
5257
3325
593
4327
6262
2180
5553
5658
5171
2743
1201
5671
7089
9509
3444
4724
431
6924
5355
8862
1074
3892
6046
8854
2508
7173
8332
9712
2316
8358
4065
3986
560
6852
2841
6642
1949
8760
5953
8087
8253
2225
2999
3618
6356
6963
5987
6388
365
1965
950
8541
1701
3848
7333
1869
5158
1590
689
5491
5354
8364
8085
1650
4128
2947
3920
8818
7746
5576
1649
8112
1114
1465
3313
2935
2379
1750
1599
707
1947
8569
8355
3962
6825
7318
4180
1248
2489
9248
196
5835
4602
8093
2712
8214
7078
3885
3642
8602
2480
5867
8901
6788
9703
1320
2323
9231
8366
1741
6621
6157
3090
8900
8466
7451
9944
4428
4120
454
3116
6095
7561
2379
8171
7592
6069
8948
7566
2567
6665
1825
469
1551
7040
3070
7035
132
507
8633
956
5378
2098
5813
8571
6988
1775
6172
5359
8997
2156
4972
8346
1443
8307
543
335
4199
8915
1693
1691
2418
1580
8126
14
3569
4428
994
6935
7048
4328
6810
9958
9409
9906
7658
1688
868
3557
1141
617
4755
5139
176
3409
8833
5316
5963
735
7763
6668
1419
1621
3052
41
820
8517
6458
3399
5624
6761
5870
2946
6968
2833
1300
6549
3324
1722
8027
6372
2707
9333
3107
3056
2976
7892
7889
8079
6864
3382
9107
3924
1228
7832
1115
2581
8883
5905
1537
801
5082
3528
5602
5903
2192
4013
9633
7170
5499
3879
929
4513
1625
1595
1169
7941
6003
5136
9095
9417
7491
3717
6245
6049
9019
2677
9159
1324
3332
9367
641
8799
1909
609
3194
3588
7860
7971
5636
3589
2290
7635
8108
3167
1393
8522
5406
4707
8551
3427
7540
7306
9967
2515
2708
2254
3183
3812
2444
1671
8311
896
2712
3135
1484
6551
7803
4650
3410
3003
3530
4285
3485
8809
2672
836
5981
2454
448
1015
2810
264
472
3973
598
327
1921
1989
7045
9191
9867
9435
9615
6830
1806
8842
6366
5299
780
3845
1661
4452
55
7954
4345
2291
3495
7095
5225
724
9247
952
3441
3525
9886
1861
2632
9918
3886
5652
3798
9101
3345
3126
858
2396
5899
10000
5004
4006
3314
2059
7206
7528
6527
2434
8123
6632
773
3046
6626
5894
6286
7292
3268
2125
4108
1817
8205
8034
9545
194
2254
1291
5687
5348
4793
7675
4408
9133
7511
8058
3159
5559
9824
6075
6603
6552
9012
1620
3654
3854
4247
6626
2588
4450
4787
6637
4005
7013
9705
7753
2902
7235
307
9886
1299
6835
5918
691
3636
850
4646
1813
5531
3541
8126
1592
2384
878
710
3143
5615
6391
3316
304
2282
2810
899
2963
7865
5500
6632
7869
1219
3864
3412
2615
8188
529
5196
3362
1224
587
2976
5702
8670
5494
9130
6108
7171
2258
2749
6339
1690
221
7346
6476
6833
4358
906
1977
5023
9744
2631
3646
5413
8415
1238
8413
9887
6961
2584
1224
8717
6837
6416
8209
9699
7258
9976
2647
5832
4896
807
5480
8869
3432
7569
3301
6250
8833
7045
4837
2306
1559
1680
9338
2888
5183
2049
8806
9498
8430
5740
3792
4907
368
4562
1959
7277
5927
4064
5770
6566
4914
8029
6573
478
5301
8043
2224
3019
4491
5383
1475
9041
362
3391
5392
2267
742
2517
2936
969
52
9752
1499
4693
8154
8545
5383
6082
7932
8227
901
9681
6215
270
8655
3131
1630
8011
8228
9286
578
3326
4510
3796
4399
2635
6154
9489
9155
480
1041
4819
9652
6399
413
5474
1406
3749
6680
9634
4766
9103
8922
6238
7902
4643
8828
6257
1816
732
8498
2165
6202
9733
5428
8624
4398
8894
9644
1506
8933
2637
545
3013
2392
7654
7990
2472
9741
3941
8464
3574
3382
5393
5159
1498
1761
8900
6182
8009
6153
8110
7174
8714
7325
9777
3435
1815
4995
8741
6552
336
3565
872
5737
592
4757
2258
6858
4498
1250
4352
5186
6151
563
4095
8953
4034
1695
3699
1514
6350
669
8671
8032
8361
5841
8234
9705
6958
995
3909
5385
6020
9605
5319
3549
6539
1156
6153
3000
4711
2458
1967
6184
1413
3123
1498
4836
3880
4917
4642
7379
6243
8673
1767
8321
2654
9424
2302
2988
5475
9110
4848
8607
360
4341
8750
2391
5802
8725
702
10
2482
5027
8429
579
4580
1157
2037
807
7112
7120
7149
4554
745
9071
4102
4576
9004
763
5579
9473
4112
9366
6063
3324
1619
8064
4366
1437
5838
6885
725
6329
9219
2910
6169
1628
5874
4611
8876
2236
2904
9874
1956
3091
2878
3495
6869
1524
6379
4678
435
8233
4743
5646
1001
9559
9590
8967
5161
5197
339
8186
8682
5602
2809
1198
5034
8789
6775
2052
2892
5275
1995
2928
3206
3303
9093
2563
7868
1919
5896
5295
3594
2526
3788
5144
3608
1975
9208
2607
8543
5132
6524
2981
5630
7785
1159
6120
9436
7840
1662
6852
8393
7667
1649
8036
6125
6847
9793
746
5513
4140
3990
21
9665
9354
3726
1481
3857
6666
165
8503
2783
4857
801
8249
7535
1780
1458
5662
1463
9492
8232
1351
3258
8673
1576
6779
834
2307
6315
6783
5534
2821
5373
5403
9018
9301
5423
3688
5335
4222
9371
109
6293
3287
7155
377
1095
6241
3230
5434
7395
8821
8411
658
9283
5772
1078
5558
9597
8988
4518
7253
3499
6929
6474
6760
3698
6408
8050
6955
2125
2299
506
1681
7643
2592
9722
2627
9537
5292
6803
2274
4302
4597
6052
1905
7547
9463
8612
1431
3850
9471
3795
6219
8961
1547
4294
7736
7593
3057
9448
964
2422
6071
9869
1294
3347
750
5773
9807
8319
8238
2852
4540
2797
962
2888
583
9233
745
4525
5480
8188
5339
7825
1854
1859
156
192
3513
3806
1548
7722
2568
7644
8803
911
1967
6232
3449
5026
2610
6423
5392
7336
5484
4299
9293
3019
7132
7594
30
4367
8033
2768
8527
4215
9466
3291
4930
9499
4065
2468
7934
836
6148
4994
2446
8941
6810
62
3651
6076
4858
6906
1233
1306
473
9440
9299
8038
4041
1923
4128
5027
2195
9342
7123
2924
3161
4831
4809
7660
7834
9897
8762
3836
9528
6519
2065
3793
6595
5022
7977
8226
7735
6651
9119
5134
7614
6197
7740
5872
178
4465
7833
4469
4629
7112
8138
667
8007
7912
5591
9846
4484
2664
8643
6883
9956
6590
5692
3585
1659
6835
6654
5996
5900
5354
5839
5627
9682
8008
3394
8775
7931
4060
8492
4610
9781
5868
9097
8616
9977
5031
627
7536
5192
2381
3910
6939
857
2159
9170
2051
9454
9261
4715
9682
8701
5788
6542
8153
1387
5660
8843
8253
5547
1727
8440
8900
1454
2825
3158
8197
692
8525
4425
9375
4409
7042
6015
4674
6790
6386
1435
8729
5798
5371
9463
594
1817
7595
6702
6781
6398
2261
5064
6368
9954
3350
4706
9249
5526
6511
4229
8061
1577
1768
3143
4365
7691
38
1068
8267
694
811
5111
2428
3394
2684
9752
4544
4481
5038
9414
8584
3148
5354
8693
1419
2677
5596
3113
828
9859
8441
2967
1097
4661
1729
3242
2139
5247
3485
4459
3968
9751
5813
9610
8283
973
3802
7266
117
8729
6745
1085
4210
6416
3944
6604
9602
4874
8286
6864
6776
7100
5998
1663
8647
3993
3337
8377
2833
6431
7102
1598
6166
688
7755
2758
3204
5807
6859
6359
5364
894
4670
3902
6045
1718
6197
9604
5510
581
9361
2809
9076
2523
5502
6790
2528
2035
8926
1178
3218
5909
6357
4302
265
4192
4519
6374
2887
6892
6084
3097
2915
2962
5066
2829
5758
3953
1359
7961
4430
8122
408
7469
784
963
5576
6620
9892
1551
5236
5940
4373
1263
2524
6799
3050
1766
8828
4768
8876
7311
2660
337
8651
9723
9180
1083
1898
8115
7691
7356
8350
4779
6201
415
1494
5400
9258
3241
991
5447
1633
8664
3386
7997
4534
315
412
1127
4327
2241
1735
7863
534
1238
856
2890
5251
6057
6437
4491
6278
159
3619
8161
5321
6010
7551
9422
6352
9517
9171
589
9882
4993
7957
3521
4947
4636
426
931
1339
9175
5042
4323
6917
2340
9849
1995
4974
8657
2743
6140
1116
3075
3876
4544
9169
8172
7619
5223
3657
6409
9444
8181
1977
1272
2663
2133
7552
5087
544
9041
9521
8006
6606
2593
8792
2380
5631
52
2400
1063
5420
5946
6300
4526
4629
6829
6854
3821
1220
8222
496
2578
3877
9701
533
4164
4881
6758
3392
3814
9024
7133
985
6146
2580
3056
5
2280
4700
1461
3490
1778
8654
7414
5978
1702
8762
491
6955
8278
8195
8962
8732
2890
3000
8858
3195
9170
1373
5332
2659
2385
4450
5445
4748
8855
1637
2500
1632
2813
8152
4175
5240
4667
7124
6698
5466
5034
7892
8801
6159
4031
981
9334
5169
1269
2330
6042
4704
1053
7427
3716
1625
4728
8855
1946
5723
5968
9853
2193
7720
1745
6364
2440
7903
6225
2110
1985
4594
7371
2418
8504
2400
3963
1138
2730
6776
4719
4209
3402
8072
1945
4344
9462
3142
2895
6401
7936
2151
2666
6746
7629
2900
8201
9827
3227
3554
9453
6774
5963
2423
4721
497
1356
2659
2959
4548
3821
4012
160
3076
4335
6665
7940
5382
664
5347
3462
715
8125
1803
6523
8341
9785
3365
7949
2837
9099
5371
4648
8493
6012
864
8164
776
6430
3785
6804
2156
5758
382
9881
9427
788
5209
8979
3427
4939
5516
7915
1153
8572
2587
4868
1373
5673
3461
7200
7474
8544
6012
2231
1427
4431
765
9023
4611
8942
4067
2099
4612
1064
3745
174
8742
1230
1560
7604
570
3842
7168
3239
1085
5237
1434
4219
4177
8534
509
9553
2512
6982
6298
4228
3868
1147
4667
2024
1770
86
3529
3694
9644
6208
272
2047
5252
3727
8393
1674
1670
2153
3252
5477
9717
7804
1122
3863
1392
7246
9724
5896
357
8068
4302
2381
9618
9896
250
9047
6096
5905
150
7852
8389
7272
475
8339
7092
6128
8132
6875
5092
6607
9569
396
711
7506
1623
6752
243
6014
6044
3506
7379
1764
8763
3946
1999
711
243
510
3740
452
3217
3219
4711
5021
5393
8684
8307
9970
9938
4700
5771
7377
2437
761
6756
8922
9348
2073
3259
5240
595
9718
1865
1774
5341
1607
6569
3780
9153
6374
7740
177
4593
1458
3844
8489
8784
8954
8109
4876
4319
9787
4619
8116
5866
6005
4137
2572
7234
2422
4031
8152
2395
3431
5487
7744
5841
7395
1634
4940
1101
4284
3944
3264
9321
9804
4027
9751
5997
6071
1462
4281
6023
5283
4035
4653
168
3301
6934
93
2720
9298
2122
1970
4300
3127
747
2910
5649
2009
6491
9957
5155
2983
3749
1856
3232
7457
7477
2876
1258
7719
5890
1740
76
7601
8353
6079
7489
974
4401
450
8234
9620
9974
4744
4794
3220
8048
9778
6602
7531
1842
1624
4343
1737
71
5602
4001
543
7705
269
4905
9665
3887
1991
7903
9349
6191
7246
4788
9442
1857
883
9849
2164
8177
2667
3443
9992
9058
5569
9065
3372
481
9155
4043
2567
2580
8805
2206
5755
8796
9928
1647
1490
8960
7246
5307
3555
1984
4275
8071
2302
9417
4640
2173
4200
9574
1085
5065
1711
9375
60
9285
6548
3190
1954
9453
7423
5178
8725
5245
885
7412
8090
5898
802
1622
9661
9433
7997
2947
3004
9190
1658
8180
7982
7194
6916
9078
4905
7825
2756
2952
9715
5149
3129
1609
8758
2999
2100
2668
751
221
4739
3719
6229
7005
8303
5219
5317
7991
9094
1743
6145
4345
9845
1831
2996
5294
6357
3767
5283
71
7196
4288
4837
7275
2892
2277
1191
4407
8351
3685
9585
5198
1995
4895
4182
8534
2955
4716
7119
2755
4349
8769
5629
7537
7924
224
2631
5731
4666
7630
7317
3679
6501
772
1714
113
2932
3347
8337
8658
2481
8685
3444
5801
5347
9138
5031
3196
9987
4390
7333
4046
5414
9148
6972
3040
985
2108
1495
396
8501
8872
5107
6312
5591
8371
3307
3526
9165
2985
4178
2417
4205
8785
1990
3729
154
686
4936
9092
2399
6989
1610
2526
9776
3047
1198
6093
5251
5473
8802
5820
7177
5971
6994
3814
9669
4487
2093
8250
9494
8160
6585
2363
3537
6607
4995
2502
7948
4782
5650
6670
9694
1523
2749
9179
8120
9839
6010
893
4066
4597
8925
7356
7720
5278
1306
6477
7848
2866
4720
1594
5535
4083
9569
445
142
5709
9555
7796
6071
6966
4279
2853
7439
1401
4483
7448
7091
1818
9769
3558
4517
9062
2587
5856
5322
1822
9793
5734
5498
2301
9709
4634
2859
2319
995
9413
4685
671
6761
7744
3402
6583
215
611
502
7631
9779
9863
3470
6248
9444
8159
2942
702
4524
4898
1633
7822
1947
3040
8740
4082
4443
3644
3201
8666
129
438
2849
2696
9586
8039
5771
8526
6199
1628
950
4400
2959
5406
3859
8851
7212
5755
8959
6907
7288
2268
1913
4237
8230
4111
5904
1229
2054
6689
6396
7674
8288
4101
4259
2694
3125
6282
5297
6220
9955
8502
7694
1758
6408
292
4962
7835
2498
4019
3160
2660
77
6835
4490
1354
1772
7528
488
6853
2741
7214
1317
241
6061
3351
8083
7431
5288
2681
7419
3624
2389
2214
3318
3235
4111
7762
6071
1720
8087
8081
7960
2274
6318
7075
6009
6764
3173
3326
4476
9032
8174
2003
4728
4802
2494
6275
8436
5607
9604
6875
4772
9645
2922
3241
6835
2004
4873
894
3183
2619
5799
4676
1794
4758
9867
6110
9311
8365
1153
1352
2443
8146
4284
4270
226
9006
8366
8759
4285
7077
4730
6871
9917
7962
6891
9496
7234
3405
5409
3903
3842
5427
1439
1607
6715
7168
8937
2494
6318
3471
6849
8385
743
8410
5044
8521
9609
2442
5197
4240
4379
9977
7092
7578
3189
405
4202
1687
938
4294
9414
3883
9291
9747
177
6243
5491
3770
8102
6142
1430
2156
5860
2715
8592
7642
2429
8030
7914
4425
9192
1662
7470
2531
4343
445
2392
9378
8088
3137
2810
8731
5250
8855
9670
7843
61
1955
8432
5927
2148
6335
7652
7208
1680
3488
8368
5441
4481
3015
1984
4655
3259
9566
2017
4291
2879
5014
7476
2324
9713
6221
8269
7068
4441
9440
8332
7618
5559
6115
4624
3807
7788
4550
7080
847
7959
5308
110
4064
8224
672
7614
1593
6596
5818
3270
9292
7387
5513
3943
5048
2837
38
3718
4779
753
1032
290
780
6744
8556
3657
7287
141
2979
4668
8860
3720
5527
6415
9977
7880
1123
1663
2516
9203
8327
2530
3603
4373
2013
4187
4037
5825
5788
3263
9021
5805
4106
1905
1257
6185
963
5222
1414
7688
9654
9903
5901
7666
639
1915
7458
8624
2095
6222
2181
9718
7749
5071
2391
805
2334
5468
2982
365
1430
2564
2241
6672
6821
2953
8663
882
6697
6791
5371
741
176
4934
6174
2537
5467
4895
5967
6411
3622
2486
2004
9638
6317
330
1462
2858
4182
6185
8233
5778
650
8389
1323
489
3333
3051
8047
7739
1337
5475
6763
2513
1944
4111
3714
2376
6905
2659
376
8872
2721
9280
9625
9907
2288
8752
2612
350
7657
8689
8984
3520
856
3535
9986
1021
7912
3839
5881
4047
8625
9566
4892
7475
2066
335
1322
7408
9411
6245
7466
8865
3014
9599
9298
4907
2874
2015
9069
5884
2386
2830
5328
7409
3413
7805
54
5871
2055
2002
3610
6113
8730
8548
9491
6498
8144
9457
7583
8132
982
4327
2288
9989
7126
7830
4860
8114
873
6115
4552
7728
1124
1172
7112
6236
9018
8052
8548
6973
4012
4492
3726
5680
4607
8199
9020
2539
671
8380
8623
7086
669
360
1776
9586
6600
9710
771
7488
8815
5398
8927
7383
8915
1752
7832
7715
158
7155
2970
2332
3089
6517
5166
6050
9101
672
1028
2534
5802
5444
6361
9582
3915
9407
4165
9353
6681
6950
3276
6457
2843
7841
969
4758
8486
81
3747
7400
5672
8748
3085
2391
3045
7222
4031
4612
6690
7283
5295
5963
1224
7361
2881
9037
6912
568
579
2538
2492
6512
2109
778
9882
4733
6655
8863
4983
6542
6482
6958
1139
844
7942
5841
8323
619
1860
5611
5783
8066
7709
8504
5185
8053
9441
9538
1916
1977
6435
7480
1982
8335
6846
6489
3453
2558
888
3873
528
9538
4712
9753
5886
5675
5737
9342
618
9684
9831
4168
1691
2626
5156
3502
6586
9072
2325
1180
2931
8325
4517
4570
8457
5897
9971
1369
7741
546
5862
6389
1746
4080
6283
5552
7817
7056
1765
8668
3808
5554
4428
8143
7333
3210
5786
1348
3049
1278
702
6095
4160
2013
6875
2979
7682
203
4558
9942
8757
2875
9903
729
2282
9495
8314
625
4556
1129
7831
3039
8554
9755
8705
4084
3078
582
3435
3304
7239
3049
7021
3417
7107
1064
841
2779
2015
5825
1617
9329
8728
6567
9416
9245
1345
8221
8254
7275
8710
225
68
352
1318
94
3583
5757
7471
1482
1652
1303
2036
6284
6562
7949
3740
5002
1426
9145
4861
8921
2524
1989
4948
7638
3406
4023
5220
2900
9114
3779
7086
9766
6433
268
18
3918
6501
684
9934
9644
7846
3319
9207
2088
815
5535
851
5374
5803
255
9886
7986
136
2716
738
335
1409
8702
1321
8134
9483
4981
8509
5049
3531
690
430
4579
4248
9198
2206
4955
7764
9196
2601
3550
2400
6876
8091
4425
1007
955
5319
7286
4590
6667
7325
1711
4605
6809
8276
2536
7161
2869
3341
5806
4848
3038
3343
4231
7380
5216
2745
9664
7447
6830
8592
4990
5931
249
4909
8135
1141
6019
844
6134
3535
1563
979
443
9668
6516
5377
4236
340
4094
71
6999
4250
4764
1579
9688
3543
2290
6901
6470
1318
316
6007
3935
1458
4717
3943
3171
7403
373
2858
75
5706
171
2425
2742
6897
1888
2337
7929
446
2189
5026
970
439
3270
9438
2385
8761
3994
6058
6344
4121
9611
9820
1339
6135
4893
5420
8034
8077
8075
728
9993
3048
2280
362
6745
4155
2703
8712
9755
4975
7581
3007
6734
3592
6246
563
4206
148
4953
3367
6533
9514
1156
3413
893
629
6860
1766
5420
3036
7972
9234
6582
2339
485
6491
8157
9702
264
3456
9976
93
8467
6275
2881
1083
2877
6936
5488
2308
8125
2123
1395
936
4849
4806
1809
6362
1585
1297
8091
3690
3497
2414
5629
1665
870
9404
141
9021
2172
4145
3219
6524
228
4228
7580
3755
2507
9171
4051
4016
8274
9551
3296
2976
2003
8253
4082
7355
4725
8204
4284
3259
9299
2719
2217
1102
9309
1612
4526
3758
5556
3457
6661
2498
9362
9296
1577
393
8595
634
579
1535
9628
3954
4891
2622
2145
9370
3367
866
7889
4125
6193
8102
399
987
4675
1260
205
7913
7995
870
467
1595
6566
9849
9489
3326
8279
9278
897
9280
7607
6163
116
7902
936
1097
5039
1560
6168
4509
2606
9631
5854
5049
6929
5435
79
6367
9715
7401
3894
8966
3392
3478
7660
5997
7061
7155
1108
3228
3676
9263
85
4212
5763
847
797
7523
6045
1737
1532
2492
7394
1168
3909
7857
9405
3250
5016
3682
1921
224
288
7895
517
9456
1383
6616
9001
8021
7845
2381
9531
1168
3321
9059
4072
7082
2295
2435
8665
6447
8127
1956
9472
1947
9796
3411
829
7621
4882
1712
8581
8867
6392
6058
9181
8740
8591
7787
360
845
3533
5578
572
8738
630
8238
329
2563
656
3756
2010
6352
7850
6933
2939
4674
5649
7372
5393
3821
3508
5842
3722
689
536
7428
5501
9872
1707
5590
1231
6747
3646
1485
9006
9158
3615
8913
6766
8227
2719
679
6023
8266
1858
1813
4411
7176
9034
4701
3006
4593
4566
4200
7198
8552
4651
6376
7552
9982
7754
3459
9498
918
2520
8665
659
9382
2947
7011
5712
5267
5818
2928
4410
7882
1667
4053
2625
3438
9076
2146
9453
6504
3974
8994
3387
572
5762
803
4847
1546
6299
4123
2973
1126
7038
3118
2981
3390
3959
2792
3563
3112
9130
1201
7932
9701
2654
456
8863
6158
4915
5793
8056
6107
261
4609
4005
995
9229
809
7296
733
5522
8242
6748
9489
4975
9112
6172
8548
8671
8837
3940
1518
9800
7869
8937
6479
6572
2146
1135
7272
2127
2358
1093
2172
2954
9050
1432
5639
457
4560
6956
1644
4762
3158
6580
6247
892
4906
9084
2027
9107
9736
7384
4375
4215
8377
8817
1229
3470
716
7557
8229
729
5282
8804
5762
9465
2810
1851
421
6162
9722
4046
7245
9312
1881
1357
7643
4916
8576
3888
5827
6992
9318
8373
371
7739
4270
2061
3980
6290
496
3123
4507
7073
2135
587
2916
4622
2208
5891
7039
6318
2846
9587
2792
4041
7615
7739
34
3359
6049
8779
9762
929
1989
3829
278
4078
1530
7731
4791
6977
3901
9238
9602
9196
1731
9010
8883
8163
1293
8516
4425
6082
8553
9050
5192
6
9686
7176
904
7125
3259
4709
7933
784
2465
6965
8140
5672
1887
8666
218
1405
8914
6040
2680
8928
8865
6116
8988
6749
5037
2810
9544
4001
2233
3587
4330
8553
1813
2703
2874
4150
5123
3372
1410
5770
4258
132
5933
2681
6400
587
8597
6434
3692
5242
189
4399
1338
5999
1196
3787
5279
3158
2243
9110
3108
2495
5970
4588
3866
3454
8198
3060
2728
7232
1825
7366
485
6165
1891
2777
3424
7471
9451
8831
7305
6220
9781
6356
8463
4441
6012
4714
9778
4658
7762
2710
5786
4958
5152
5462
405
458
383
8194
3731
4307
4562
2935
2364
3349
5765
7683
9895
2929
403
8656
7515
2045
4631
4908
6656
2383
3001
7898
3028
8394
9564
2897
7674
7066
3245
9724
6093
890
246
2481
6796
3214
9655
3229
3934
2984
7744
6795
2167
346
2589
4487
6003
6586
5561
9403
1293
46
5033
6461
1017
4848
3124
5814
8562
6025
9227
4268
963
3397
3211
8847
9703
6579
8392
9734
7858
4278
3648
108
710
5842
8243
9396
5471
214
3305
4602
8785
9782
2557
3545
537
5278
4731
8119
8269
4958
3959
645
8465
1065
1615
4110
724
7778
1952
2543
3269
1713
1256
9675
9527
1137
8954
7394
515
3565
4880
8810
1896
6982
5245
7089
271
3108
7501
4356
5102
136
5547
6548
1142
8527
3178
2223
6767
9810
1177
339
5692
2911
371
2348
6462
9258
3919
8003
7300
7454
7620
6193
8972
2667
4620
7437
8093
889
5106
6284
3785
3898
66
4760
9473
2473
4310
736
8731
2875
2194
9595
7474
1344
4126
915
6188
5309
3363
3480
3913
7163
5739
8163
669
7092
2831
4644
9650
7703
8463
7227
6854
7720
4059
5375
7182
5056
4804
5217
280
7228
621
2854
4275
9852
9416
7198
9690
7346
8592
1929
8058
6764
4291
6058
9493
5845
2794
8589
8579
9344
8419
2402
232
6063
7006
1559
1868
1889
7222
5118
1389
7136
6786
1253
2154
1256
7952
192
6839
4725
6888
3057
8026
3603
4496
5438
253
8713
9166
7142
5020
4353
4056
2532
6338
608
5952
2205
7794
2932
1466
1975
2973
4436
551
5566
4541
1260
6102
173
72
1519
2310
5941
8317
8909
5926
7118
6009
8489
5809
603
1134
609
4841
5992
2980
4394
1481
7125
8196
4911
2733
4789
22
5145
1761
6647
1121
4731
6194
2096
581
942
6752
840
8565
9613
3358
8824
8916
6324
7483
3412
3481
7552
9948
9491
6726
9377
5808
2419
2265
3434
9849
7486
6773
2253
1868
1309
7585
9469
6205
4972
1239
3690
9914
4788
9194
9451
7645
7865
8258
1572
339
4445
5273
3808
3359
1523
3801
3266
8177
6427
5172
8254
2019
8298
3481
6381
8143
9798
3490
1690
5812
3102
8172
5320
2489
4357
487
2915
75
6153
4340
7944
5916
3860
5220
8798
2321
3827
6419
9617
9658
8049
4535
2633
6875
5080
9816
3718
5183
6519
1595
2663
6342
1426
2056
1185
8591
977
9587
558
4463
3070
175
923
2253
7233
8221
977
2971
136
7650
4439
9124
7376
4515
5399
682
254
8792
2879
1721
1768
177
9401
1516
2104
5413
890
7261
9544
6766
3741
8547
6592
6318
1146
1609
3504
4331
2387
6207
8401
9552
6163
8526
6343
2411
4162
3460
2860
3500
1130
9947
540
2036
4663
440
6726
9292
4961
3996
2294
6172
2003
2886
4965
3873
1216
4417
8537
3429
1571
8190
2943
8286
3461
4482
3522
7021
3340
6794
3022
3566
6268
9617
111
1175
4072
3520
4699
3159
3839
4921
4331
3331
1555
5546
496
1608
4885
5979
3622
6840
7128
7202
7483
492
8462
9989
281
669
2440
3385
190
7354
3377
4651
3160
249
7657
7427
4007
1319
7916
6545
6032
1980
288
2222
7500
3867
5665
5475
780
1829
9312
9164
328
8638
2210
1186
4062
2565
576
7191
4111
6930
4752
7443
7073
4889
1360
7615
3775
2611
3819
934
334
5205
2742
3761
2112
7761
2238
1751
273
1860
7792
5279
5255
8505
5767
7593
538
7043
3197
3731
4947
5611
6142
7506
1291
4298
708
2232
2921
6995
2573
9435
8517
875
9753
1433
7905
9708
2512
6915
1747
2589
8034
1369
549
9856
1347
2219
908
7138
835
191
4870
5606
4937
7300
5345
1618
2217
627
5373
7613
3457
2549
1005
9556
9908
4696
8834
2394
9934
4117
1202
1094
1236
1992
4523
4037
1627
3347
8734
5548
4911
385
2571
5003
8916
2968
858
9293
8167
9205
8849
6067
8974
4329
9410
1467
8786
6218
8112
2142
3032
8217
5464
9511
8079
3902
2037
1082
5205
7795
2559
2268
116
9169
4289
4075
4359
6304
9124
1181
5242
7949
6873
1808
1067
3652
3222
9766
5547
628
3480
7083
3294
8828
3038
9569
4697
1689
8534
5926
2433
9524
9434
4072
5448
5120
8486
1616
7893
6397
311
2342
7501
5154
1257
4412
1582
5846
924
4523
7979
7578
2005
5294
3075
1631
4779
3984
2357
3577
9429
5740
3401
8766
7605
2013
3655
6618
7911
9223
2922
8569
3178
5920
5074
6755
8375
609
7968
3111
5856
2470
2667
2923
1583
9363
499
5308
2201
4798
9272
6957
9858
9371
1805
8547
5209
1236
7034
1801
603
1090
9188
2685
7089
4789
8081
2061
3891
8691
851
8152
2593
7549
6603
4262
5836
935
6558
3618
8976
2844
8546
3054
7557
5454
2232
9648
7916
7545
8016
3655
4766
2479
8514
2312
7786
7978
6550
1896
9133
2352
175
6717
9989
247
9038
9287
4891
7547
2241
9415
6161
7918
7001
2629
537
2086
1689
8499
3401
8825
1074
3
5582
6861
3511
242
5109
7384
2511
3697
3610
5061
3782
8950
3069
4871
81
8194
1104
3711
798
3458
9954
4806
4559
3516
4487
1235
6272
5867
6453
7628
3004
7749
8101
7825
5631
879
5438
6539
8190
127
6629
4057
3155
7447
6834
5344
2565
7284
4901
6587
9067
5658
4719
3879
4892
9466
3586
9819
1608
7905
9994
1158
9313
2759
135
1580
314
4138
8107
2311
4688
9898
2149
67
7094
8051
5867
6294
6155
3138
5760
6075
3112
4141
9592
3863
5308
1292
3585
5552
4747
2629
1715
2583
7911
8917
7446
2044
6740
995
5031
7175
2130
7071
2123
9682
2967
6678
7921
4422
1320
4722
3851
2890
3960
3683
2461
601
3188
1585
1036
2527
2157
2498
9999
3296
5505
6286
6009
1995
6621
9504
1915
7360
3043
4606
9360
1545
8575
9746
4943
6838
1341
7890
21
9234
7700
5071
9149
3304
2777
6288
4115
7998
9548
6220
263
6731
283
5767
3620
2827
3435
538
9032
902
3308
1295
7467
3443
7609
5525
6630
1264
1465
637
2212
7652
8972
9398
2327
9971
8670
8246
6966
5845
5262
6650
2281
7759
8802
9089
4031
7788
8626
6495
4013
6935
8438
4639
9055
4086
8745
5921
4435
2555
7657
6706
7651
8157
1294
6188
4575
1691
5291
5840
3434
1624
6305
603
4316
7360
5966
6293
3602
1493
9110
4637
8712
4805
7238
5386
3975
707
9384
6719
2979
7650
1196
2800
3887
8444
8526
7369
529
6595
3049
2605
6034
4722
7322
1325
8745
172
9744
1252
4417
3336
9368
512
4079
5071
7554
7198
2954
6833
2312
3879
5413
7394
3620
3502
2118
1325
6044
744
3252
7179
9752
396
6681
2631
7760
1601
2492
9777
2759
4641
1372
8840
2391
2642
975
160
4499
7881
1203
5809
1785
3126
4589
2681
8610
7664
2812
1671
7132
4527
9798
4104
4333
1083
4476
6661
7108
4625
8503
1993
116
4917
123
5106
7359
4101
170
2374
6725
7922
3617
8330
7725
4826
1518
9492
8246
1409
5748
9319
5625
9255
2341
9813
4412
5815
5739
7201
2359
9596
5480
1681
8284
4588
900
100
5487
9057
5858
68
219
1418
282
4496
3181
8074
3130
4150
5222
7262
5903
1661
8036
1795
8125
4377
3521
2484
7257
78
8196
2595
5712
519
1367
9141
5949
3985
6710
343
7702
7116
5994
4398
5106
4266
7769
1842
559
6766
8642
6819
4244
422
4915
7345
9823
7448
6304
7644
8495
9549
6306
85
1101
2917
4144
8005
1495
4489
316
9383
889
212
4946
9706
2534
3907
7448
7415
3956
4161
1484
8180
8673
698
7144
6232
2336
8728
2869
8057
8760
9049
3594
5671
4713
3329
6677
5742
4961
6846
7471
5773
7382
2856
9113
96
7989
1477
6034
2191
616
5535
3985
6112
3348
5073
5075
2698
1627
9194
5839
8575
9526
747
9779
5696
7018
2630
3924
4435
2260
149
2100
9535
3065
6216
1372
2887
5471
4229
8074
7191
5198
1600
6563
4548
6841
7331
8583
180
4866
1942
5866
4060
986
4576
8280
7540
2617
1109
7110
4320
4955
4465
6602
9312
4943
5616
8395
5656
4976
8211
22
9030
10000
1782
3978
3128
1299
3245
7459
46
4846
7510
3491
1222
572
4508
9546
3615
5815
63
3399
4216
9274
8830
3115
7677
3177
2338
6354
2879
7162
1031
867
6768
6417
583
7088
7338
8346
6463
9736
7127
8878
2808
4729
3720
3731
4399
3223
9295
3935
692
1948
9944
4246
4573
3914
5241
84
6109
4655
9343
3449
5280
1570
9707
8022
9634
7562
9917
3116
4788
5344
8846
90
6878
1761
7878
2049
1162
3130
1841
9878
9454
6057
835
435
1567
2995
5615
196
4557
6135
2688
5581
3600
3743
4
9782
2391
4076
6902
7829
5094
7839
6601
7916
6403
1702
9642
1174
5828
3753
541
6071
4419
6154
4029
1553
2146
4784
3211
2426
8089
9736
6093
6892
6267
7420
3258
7028
6615
6743
9323
1450
497
185
706
127
4448
6171
9430
582
8356
6796
5554
5001
9384
5437
8587
1518
5550
8432
579
8332
3048
2678
2794
7837
97
7443
8347
3619
1963
8119
4917
5633
4330
7895
3554
8361
1386
5039
305
5906
3513
2477
1506
6954
5932
6012
6658
6048
9635
4111
8411
9663
3475
7329
8430
4316
9779
6633
8328
154
2047
9756
5657
6883
8936
8743
5404
8265
5281
3736
4635
4085
6527
3449
1275
9777
6709
2884
3367
2538
9417
9609
9990
5238
2543
8755
2282
8230
1909
626
7665
7456
4084
4817
9246
362
3862
7799
2168
1040
292
9731
3509
1375
3704
4908
6552
1492
7847
3323
1531
2504
352
5958
6354
1373
7079
82
5801
9308
4253
2409
9147
9278
9241
6586
9000
2565
8176
6204
790
3615
3373
1322
8337
1778
8382
1445
2214
1965
6478
4922
5856
7272
5473
5311
2861
4489
