1000
759
502
886
650
137
457
300
25
33
331
160
222
14
564
550
474
502
522
893
412
312
59
375
97
923
512
388
340
780
593
366
525
110
143
697
873
324
996
713
176
78
819
135
337
478
746
859
380
828
471
360
190
530
326
296
989
724
921
398
663
99
591
209
479
469
611
19
423
457
648
975
521
289
267
264
454
144
663
678
27
277
498
148
728
372
643
120
887
249
216
685
257
135
857
297
652
313
976
813
477
933
478
64
704
630
892
880
546
867
123
115
132
766
369
511
932
977
534
678
691
437
791
307
528
636
607
644
570
255
784
742
653
476
988
403
726
796
595
116
477
640
695
686
521
106
372
515
36
15
815
693
433
305
443
620
874
782
763
803
768
937
206
881
605
294
395
612
299
735
177
74
693
794
931
953
365
11
422
860
872
744
424
8
698
919
23
651
517
568
58
657
869
626
708
979
390
294
179
860
492
679
354
578
832
516
117
469
202
653
387
639
930
509
352
233
721
997
495
706
143
278
965
143
75
10
470
5
601
795
390
932
726
361
243
603
89
270
403
555
720
880
115
851
795
45
552
69
761
972
774
765
374
39
242
833
843
681
415
689
122
882
809
397
886
936
983
39
82
210
267
910
787
920
875
176
325
824
273
723
86
879
854
940
261
513
885
916
669
794
569
281
148
426
705
309
280
598
369
925
226
809
653
802
751
718
787
281
630
701
595
517
808
445
363
85
276
818
652
742
86
998
806
984
165
200
504
826
616
779
731
257
381
66
547
952
811
66
97
158
516
622
26
520
929
779
503
400
979
999
954
454
970
131
629
577
657
415
295
507
794
84
993
998
963
482
293
645
249
60
74
903
819
508
918
973
17
619
885
875
506
459
493
60
67
790
585
882
908
14
251
697
644
753
322
191
926
262
190
419
121
134
446
533
493
357
887
750
440
357
979
977
62
753
610
658
40
723
436
35
90
787
524
235
128
175
456
511
671
153
598
604
161
318
762
236
759
561
272
541
767
991
912
645
452
102
564
206
281
806
83
400
146
662
477
691
988
868
511
311
59
559
867
270
207
723
123
754
931
641
581
182
746
71
568
365
755
929
66
26
56
403
257
804
190
959
881
506
407
829
962
845
841
877
862
116
132
544
538
639
281
279
938
659
564
532
285
632
357
40
45
803
679
112
219
327
253
222
806
892
659
340
751
715
781
633
425
444
237
852
613
611
867
835
119
634
420
296
986
297
663
46
831
123
606
102
156
774
830
294
960
753
141
705
591
687
854
968
68
100
850
950
7
246
566
623
220
661
437
635
631
785
120
7
63
463
531
129
850
793
63
468
630
401
614
433
30
846
194
289
299
473
822
560
563
869
100
709
915
77
257
678
490
200
3
494
832
756
394
355
429
866
803
414
236
954
81
656
594
550
422
842
846
187
49
440
910
480
389
921
469
554
622
169
655
837
674
936
718
491
484
440
114
519
854
809
485
464
845
681
674
91
827
295
924
569
856
931
58
147
749
119
423
933
283
822
11
619
728
310
586
255
662
472
254
510
337
371
586
137
158
583
222
736
286
616
593
325
626
211
655
453
943
625
796
417
116
29
503
622
124
965
457
332
867
764
827
191
506
362
631
478
295
371
526
314
849
348
401
119
305
252
120
899
957
279
517
902
745
254
245
436
135
773
945
487
394
972
906
101
96
204
756
376
778
342
23
894
786
153
586
844
737
830
577
803
946
29
86
447
576
680
929
370
598
754
545
414
985
197
335
860
8
705
98
183
483
878
462
42
408
674
330
909
395
821
298
968
280
312
169
135
621
255
166
110
104
826
155
855
687
73
448
147
602
829
26
127
573
34
950
478
24
485
694
570
198
84
781
212
862
680
345
269
910
523
667
993
501
89
297
76
31
986
340
818
235
962
35
371
937
471
657
909
715
87
827
811
804
481
85
419
203
386
998
96
311
236
274
150
859
131
805
961
146
985
20
575
224
70
510
955
489
572
828
780
862
757
211
837
225
660
587
611
674
391
848
486
772
956
791
739
671
413
353
519
723
722
212
586
806
247
529
208
518
637
62
331
920
817
982
958
914
19
645
511
295
575
146
497
585
262
292
71
812
873
996
470
752
643
713
467
558
212
8
38
900
640
345
322
996
573
271
114
520
918
522
842
907
988
133
184
464
121
847
400
580
425
616
363
684
67
44
302
348
131
4
96
957
374
429
151
573
359
89
219
792
852
125
304
614
306
272
783
737
450
732
688
71
202
507
254
635
506
845
235
55
30
668
681
422
