10000
-1338
-658
1982
-2009
-2466
4632
-1290
3789
-2963
-2970
-2047
-1313
3959
1459
-624
1377
4381
-616
5063
5991
-323
3274
2896
73
4473
4399
3413
906
3045
-2540
-1679
-2778
-2436
-877
-114
6466
-931
6331
5428
4748
6018
2758
6847
-957
3395
3970
3966
1022
-516
-1820
3552
-1139
1788
2088
4829
6855
5399
6570
-2036
709
5378
4366
4833
2472
1489
1914
5350
3350
-1455
-1312
1979
921
497
-1892
-549
4883
-2464
2440
-2700
-2433
2599
-46
-1833
3743
2144
-2703
2080
4896
-1422
5823
5160
3709
-2969
5008
1233
-349
34
6096
6333
-19
-2726
-1012
2036
3647
10
-292
-2074
-2064
120
3975
6258
6907
3568
-1690
6945
-1804
-2576
3793
-2027
-2018
-1139
4894
3702
-862
6772
3869
5864
428
3632
5783
-1773
6666
-1272
3425
-459
5533
-2513
-510
4613
1864
6603
4002
-788
-592
6546
5126
-1583
-2262
3131
3512
3000
-2354
3342
-1046
5346
-576
2085
-2648
5061
-2821
-2244
3202
2298
988
-928
5701
889
5079
5952
-2584
-527
954
3824
1239
4754
4042
6195
-2771
4799
-2328
1629
-1306
-1691
-2653
2849
6498
4261
-1899
-1625
-2060
2043
5676
283
3837
3878
-880
5475
4803
4812
4397
-753
-1222
-2998
6076
-2399
6877
-800
5249
-646
4534
5106
1957
437
-2755
2042
1861
3147
4411
1638
160
4465
-246
1720
-1190
6245
-583
1490
1231
4709
-221
380
6339
4611
6452
1152
-566
5896
5643
988
6995
-2208
-2033
580
-1067
-1446
6018
-2212
6839
4006
5162
-1945
-2856
2745
3479
4053
-1790
3967
-806
3667
5073
3392
-476
-2841
4307
-1529
5002
-56
2213
-1580
3519
4228
2111
2936
3316
6699
5757
3055
21
-1574
6799
-347
6361
-686
4667
-200
6660
-2325
6326
3380
6770
-989
6537
2667
4296
5748
4518
1061
1047
4344
3669
6999
2371
1490
2329
3797
4904
-73
-2770
6129
1066
3797
3064
3723
2684
3854
1805
6426
-818
-827
2241
2511
4038
6471
4157
-1165
438
-1430
-1931
-421
1482
4499
6908
4399
871
4508
-1280
6932
6894
1000
3142
2804
361
4275
-1437
460
-1372
2325
1244
3702
1007
6362
-1474
-2278
4376
4810
879
716
516
-857
1394
-641
3942
1983
5742
-1503
-714
663
3065
4155
309
3700
6147
1974
5411
1884
-1672
4772
965
6527
3518
-606
2086
-790
5807
782
1340
-2008
3252
-2469
5474
3211
2620
-2323
-2374
5415
1795
385
4602
5174
-295
1740
-604
3887
4264
-2943
6983
5161
240
4120
799
2363
1683
6616
3618
-490
5623
6426
-2276
3711
2999
5837
4517
5029
2485
581
-2915
3341
156
301
130
-766
-894
5361
-1799
1098
-693
4429
5386
4523
210
-326
-2989
6863
-1050
1002
-2564
3033
-1563
-2013
-842
5659
1328
5146
-2548
6081
4797
3943
3882
2233
5674
4236
6957
-739
3622
5406
440
-2985
1755
3821
-994
2405
1917
23
1706
4491
-2188
6113
-1961
1514
-1957
734
277
3029
-2025
6343
-2062
-1512
-2781
4142
2024
-1347
5546
5743
6774
6003
-206
4239
3070
4458
979
6035
5426
-1586
-2429
6291
6355
3222
-772
3396
6888
-1215
1795
1141
-2254
4245
6333
-907
1348
-462
1145
6902
3957
5571
-1506
1571
101
-2382
6652
-1628
2678
-2506
-1903
4524
231
3903
6314
723
6226
6469
2568
5848
3919
3004
-502
6141
4671
-1122
-2068
4052
-364
-2167
1645
5392
-2511
2974
2262
-2751
65
6008
1852
3251
1461
4021
1885
6355
-2094
4271
2375
-2542
2015
-2285
2729
41
3413
-1834
3940
2362
3745
-347
-1322
2209
-1305
6699
1964
4410
6773
4728
-564
2499
2278
-2932
3273
-786
-2090
3072
1686
2090
-2751
-1760
3096
2815
4227
-1864
3016
-1964
2419
-1944
4934
5124
4872
5572
5485
2619
3286
-142
270
6296
6578
3031
87
3015
-1042
5961
-2587
1338
2659
-2135
1732
-371
1965
74
6337
-59
-2247
4341
-2521
-912
-1228
6150
4557
3047
-774
2263
4626
3769
-2793
-453
4950
-1879
387
1618
5775
5783
5475
6393
-1321
-1435
1466
4083
5892
4160
-2617
-1896
-2517
-525
-973
3207
4517
1755
388
4706
1211
1689
31
6568
841
-140
6518
-2124
4791
781
-776
-205
-2990
901
-1361
2913
6588
5801
1711
-2464
5650
4237
-582
4168
-2704
-2173
6316
-1987
-1631
5527
773
6165
-1286
-1051
4825
-1261
34
70
1291
397
6242
6828
3105
575
1623
2749
-967
106
5946
-2083
664
1813
-2621
4280
-1753
2878
6904
-1363
5323
1512
5894
-6
5626
-881
6027
2600
3295
-656
1431
1989
1797
2216
2743
2706
1609
-2763
3989
2500
-673
3276
3797
4352
4982
2429
2416
-1754
2839
-2722
1737
1565
-771
-530
-1374
-1819
5898
3168
4484
2918
-1914
30
-2320
6059
-1915
5807
3397
1464
-435
-2186
-1818
5462
3201
145
4623
-2093
-441
2259
601
2505
-2973
-1824
3745
-2487
4927
4947
5618
940
-1555
-1504
-2134
3946
6758
6712
6191
-2471
-496
3972
2385
6450
-1071
6094
-1679
-1936
4078
1712
2104
3954
1668
5830
5014
3748
3436
4088
-260
392
5438
2754
2286
3739
-1833
5797
3919
2333
-1005
4208
-917
1296
-57
4763
3975
-1348
479
3655
-2502
-2533
-1858
-440
-699
389
31
3640
-1145
5104
3989
-2879
3053
6507
5018
1472
3837
3893
6973
-1959
6616
-1920
3320
1289
-2786
4030
6211
3395
-618
1603
3976
-2306
630
1697
2475
6183
2405
-2329
6276
4374
-1376
-1061
1180
4713
1794
2500
-320
-2446
2853
2944
5960
2800
2242
5872
801
5905
5554
3183
2698
1324
3192
6663
4413
-1581
-1106
3103
-2815
5754
871
5711
-1016
5115
1327
216
4417
-1255
4137
2147
878
5543
2023
-1933
-1294
6509
6705
1286
3292
2532
6258
5669
-2718
5430
4204
2059
919
4238
-492
6363
4369
3465
3190
5102
5771
6488
2827
6275
4413
-2583
658
4856
2000
3173
4657
-1366
-2615
2688
1917
3240
-1438
-152
3748
-115
1111
786
894
6218
4475
3659
-2074
6653
5714
5399
-484
-1778
6796
3326
2644
-1
751
6057
2104
210
4707
-507
-180
-2612
1771
3903
-146
-1082
3849
2158
1958
4238
5533
5019
6686
-1978
-2620
5005
-2472
-2760
6649
3068
-2792
-1238
1375
5055
4068
-2376
-2986
1417
5924
1908
517
4830
6030
2262
-2877
1531
5804
2582
2013
1317
827
4990
-2964
5563
4958
1311
502
3758
5647
4677
1786
2864
1994
3972
5148
-86
-1979
6211
-2553
-1599
6361
686
-1204
-1587
6519
-1724
3261
-623
7000
-1286
-2049
3523
3899
3709
-329
3985
416
2372
5818
1583
942
-1179
6208
3141
3719
5541
-1220
-1491
-870
2920
2208
2328
208
-2908
-607
841
-2275
2258
-897
3189
3997
6411
-1166
255
-1691
-2551
3625
-739
-2727
-1470
2838
3747
2766
4710
6381
5734
248
2573
2874
6687
6213
234
4285
260
4650
-2390
3059
2505
5125
6345
1605
642
5132
5530
-538
5143
2765
1367
-2476
6548
6919
4494
4555
-1808
4147
1805
2756
-834
-2061
-1578
6054
243
-2727
224
911
-1674
-795
-2175
671
5540
-457
4259
1314
4331
5284
3252
-2866
-172
3162
-2500
-272
2797
-2426
-374
5841
-1115
-2039
5919
2973
4971
4825
-1668
-894
4206
5596
5718
915
6839
5323
-1073
-100
76
-2245
3786
-37
770
3555
4310
-849
5718
5070
-1890
2907
6812
-1783
-1293
-2472
1119
4651
2398
2792
1359
2395
534
5361
1314
-2241
5917
1159
55
5714
88
3083
3823
4257
626
-1495
6773
-1315
4998
3973
1446
2964
3715
5032
58
1374
-2749
3939
5737
133
-2534
1339
-1922
517
104
3286
-942
-195
8
4122
3881
5808
-2296
1071
2391
-2558
-2170
7
2657
3971
5592
5820
5697
1644
772
5472
50
-191
5066
-2947
2711
-2819
4976
-835
4911
169
1745
1085
6525
2628
559
-672
3362
4167
-1657
-1173
-410
-129
2824
4410
2985
3579
5307
3615
6551
-997
-226
-2316
74
4450
3012
939
4652
-301
6250
-1877
6286
-2388
-1411
-1757
917
6509
-264
-446
67
-665
2941
4632
5278
51
-2092
2756
-2585
3730
1091
6494
5569
5290
391
2521
3240
3761
4105
6564
5072
5402
-951
-2619
204
1389
1509
-897
1684
4347
6505
4590
-414
-2696
-1055
503
-2805
4361
3986
2701
5714
630
6846
4101
4117
4051
2951
3818
-2714
4793
8
3451
4717
-1768
6832
-237
4212
6384
-1528
2258
5946
5473
6314
1776
875
-1409
1463
1758
-2186
4445
2539
6485
-2228
-1613
2851
2276
3101
6244
2245
-1276
1569
2757
583
-2611
3859
-2592
5248
-2276
1340
1514
-140
2213
6099
-1235
4425
6423
6705
4303
1172
1493
-1956
810
-753
-1800
-2520
-829
3980
2134
5080
1091
-317
352
5943
-868
4515
871
-2405
4485
-2222
-2935
1313
-2538
213
2317
-2331
-1126
421
5419
-2914
-2645
-118
5209
6398
6149
4901
-756
3233
5567
4993
-1217
-258
2315
3816
3770
6343
-2203
159
6242
-1227
5046
-1117
-2654
-2333
-1282
-2676
5802
5390
-1729
2900
-648
4058
-1968
-727
6860
399
4546
1692
3684
-122
1181
5447
3017
4626
6292
741
-2364
-2641
211
6623
-224
-138
2588
6329
237
5301
-332
-42
4427
4104
3561
4845
5502
-1141
515
2755
-2692
4574
2322
-1806
4240
818
989
3079
3384
1899
5187
2788
-840
4823
3047
5808
1473
3238
3632
-1911
-677
-2829
-2539
-1181
2701
1281
3832
-2951
5180
-996
3826
-2798
-540
-1096
-1529
4591
2649
-2614
4102
-905
2274
85
3107
-542
4447
1906
6118
1153
1365
-2287
-1762
1350
2388
5693
-2288
5998
-1932
-1587
2733
3379
-649
-2447
3597
2202
3084
-2176
-366
2374
-2094
5221
-119
4373
6802
5232
-1303
-1903
6908
3264
-1642
996
5730
5461
4630
3497
3018
5650
-167
931
6850
-2113
-1148
-379
1462
-157
1480
1358
-2955
2567
5842
433
1518
-2705
5857
-2322
-630
352
6093
186
-128
553
863
5661
6622
-22
-300
-1453
509
-696
5013
5899
1817
4313
4501
2872
547
5809
-2049
5301
-1477
-2857
4403
2474
1519
5982
2658
3293
1533
664
137
4540
2642
6872
3599
5552
5346
2611
-1874
-42
-2402
-760
6414
471
-62
4640
-267
5710
506
3332
1164
5792
5180
2692
504
6303
4767
4099
5481
2320
1625
2682
883
3966
6764
5760
762
1606
5793
6809
-1596
3940
5856
-2547
2783
2917
1087
3354
1659
-680
-1192
241
2152
-2711
5749
5846
4469
-860
5930
-2028
6284
1083
2396
2002
3166
-1167
4403
370
6347
4852
504
1248
2336
-132
6695
4278
3035
6587
3983
2962
1207
6612
4200
5743
-1631
-510
-2880
3065
13
3076
-1225
6137
4637
-285
-657
4524
1903
-740
-2370
2027
892
5843
2853
314
-41
-439
796
-714
-2057
1799
5864
-2143
2291
-954
6560
6634
3988
1014
5008
-2618
6176
1124
-2482
-638
-437
2786
6315
5537
4765
3388
-2047
1958
6551
2920
3853
5165
-148
6810
248
6020
2489
-2518
-2629
6707
2112
-2756
5427
-203
-728
1923
5450
4334
6357
-1881
904
3423
-2975
-2196
2453
2364
2505
-2871
-1615
2064
3935
6566
-2871
2719
2334
-1728
3588
3598
6569
403
692
4139
6580
-2771
5087
5113
3237
1932
-2992
4427
-2942
-2129
2997
1014
1578
5754
5161
5074
1740
4743
822
-1821
-574
2216
5114
-1248
1937
1750
2957
2424
3845
1760
3221
-1666
-611
-1092
3780
3514
5600
-164
-468
3223
4040
-670
-2765
-2890
-772
-1427
2677
-878
5433
6987
2371
2173
1051
-787
2129
2956
4113
41
2891
4514
6706
6930
6445
-1430
2522
2606
975
5260
-604
6196
6293
5961
-2816
6027
-1669
1838
-2998
1045
4191
938
4984
5553
2735
-2003
1204
-554
1020
-1110
-2532
-1372
-542
3208
6763
-681
-1828
3302
3971
-1416
800
-375
924
-1688
-193
6199
4586
39
-1498
2770
6259
3609
3116
6733
6488
-1123
1347
-2325
-283
-55
4693
5495
669
-601
2224
-89
23
-507
1243
2910
-2791
3054
-57
1080
1017
4001
4854
1080
555
2857
1714
5322
248
-1806
5546
6850
-2090
-2429
-2689
6326
-2451
6341
-224
626
6285
6957
1293
-2942
2632
938
-2161
350
5494
6336
6459
-325
3308
5983
2512
-857
5766
4460
4630
635
-1751
1869
1105
-1974
-2293
3848
-2973
-2758
-421
-2403
-2164
-1103
2124
45
619
-2858
-859
6287
2469
187
2798
-2552
2801
-47
6943
-2603
3373
6426
1744
4271
2914
1350
4090
5180
-2964
346
-1948
1711
1178
1983
-2697
2111
6415
5437
6113
-1188
3525
1258
4036
4443
4455
5269
984
6224
5381
3899
-1483
4472
5134
3409
5693
265
1191
1160
101
1597
-1023
6885
1328
4307
2880
-1782
4392
4355
1502
5569
2057
-704
3684
-984
2398
-565
3935
3444
3400
2616
-431
-1434
-312
3258
826
1553
2003
-1053
-2608
6028
863
3140
6573
119
3211
1252
-614
5884
4700
2161
-1076
-2472
1639
3208
1585
4726
5079
-1848
125
2224
-2175
-2134
2583
577
5956
-2420
789
-2103
-1810
2432
-778
5837
1610
-1871
1344
132
2925
6765
2007
5275
3033
5464
6089
-590
1338
-1937
5698
-242
3861
6331
3071
-508
346
3593
-1917
4216
6229
3955
2710
-652
-1672
4095
2662
2748
-2574
-305
5577
779
2779
4549
3547
5540
6304
6610
2431
2167
5529
3109
-1491
-272
4110
-1895
5580
2288
2933
1215
-215
2848
6065
2670
4011
373
4350
-697
2241
125
1715
701
-1587
1464
-840
-2066
6589
5271
-366
4366
-803
-672
-1031
4128
-2821
2253
4098
2276
-1212
-1506
6542
1881
-1945
423
999
4116
25
-1129
-276
2574
3722
220
-2864
-2507
3308
-2090
2005
-2325
6591
-570
-2972
4381
2391
1177
5049
-228
-819
314
2165
381
5894
5653
5236
621
1752
-1482
-408
-737
3652
1031
49
-1486
2308
-2198
-2414
6299
-719
-1165
-2841
3815
-2060
6743
858
4156
5973
-2636
2652
3366
941
4718
-2598
6146
3681
4237
4976
-1621
622
3023
3700
881
5637
-2392
4628
1862
600
-2553
215
6744
-2900
936
1867
3649
5352
4818
5474
-2928
1377
2402
6779
5469
2711
-2979
-759
2424
-1760
175
4996
-2592
-2793
2342
-1718
2159
6393
-125
1163
1204
-2573
4990
4390
3218
6317
5163
6329
4227
2793
-1876
5147
-1317
3827
3163
1627
6770
4755
-1248
5548
4434
-2324
-187
1315
-2625
2980
3342
-217
-621
-1992
-2016
1425
6730
-132
441
-751
2547
6930
1415
979
2112
-1725
6812
5388
1821
6953
-2288
-2362
4052
535
631
6478
4889
-795
4205
2990
6557
1890
4181
2715
4539
-1145
2323
-548
-1631
5734
1115
2169
6328
2565
-1168
399
6569
5204
4859
4199
4458
1720
2902
5408
164
6521
3242
-465
754
4189
6151
5219
-546
5539
-2544
5382
231
-2442
-2985
5419
4812
-2811
4519
1438
-2570
-1170
-1792
679
3439
1779
6390
5166
5438
-1186
6964
-2894
1032
6908
2699
4998
4436
5424
-1947
4084
2052
127
-2287
1647
5916
-1112
-1619
6856
-598
2758
1216
3395
3641
998
1078
5367
2915
6131
-2434
-1602
-2091
5666
1829
-1209
1537
-2028
6189
4988
4498
4805
388
6780
6264
-819
508
2002
3280
-1529
5893
-1987
3397
4010
2053
3294
-1957
361
6089
-2063
4194
423
6998
3086
6266
6453
3169
3688
6482
1301
2825
3775
6580
-544
6451
-2055
4854
-1506
3999
874
-2111
3241
4003
-771
6466
6028
-2093
2214
185
6180
3108
3647
2373
2216
5823
2747
2217
605
6656
6478
2300
2414
-1292
1756
298
691
6835
-1492
5726
2732
1349
2434
777
-2240
3067
5438
6062
738
833
6872
1301
3380
1758
2643
4698
-1614
-1091
5295
-2517
-1670
-1021
-1181
-2326
-2758
1612
-1538
-2298
3211
913
-753
3081
4450
5267
5804
-180
-1418
-508
-2815
187
-626
-2699
3619
-2244
4496
295
6030
1771
-2095
-1321
2753
-2566
-2068
4585
-1634
5382
-1739
5154
3986
3959
2329
1792
855
1301
2533
333
-2908
4946
-739
3725
-1646
2379
-88
-2283
-1322
3775
1434
1234
-2785
5179
6296
445
1841
-987
-403
1088
-2236
-216
-2531
-2466
1964
3046
-1965
6184
1857
2613
5226
-218
2544
1566
1218
-568
2140
6715
859
1137
3497
1337
-1241
-998
-481
-1442
-375
4952
6935
3451
4290
3660
1076
6802
5804
2342
-754
2579
-1644
1803
-1114
2908
-1684
205
-1565
998
-681
-1703
1090
3212
-1591
5213
-2669
-2952
1774
-804
6328
-1772
172
3007
5951
2092
1706
792
4133
6960
-1006
5038
-2226
1655
3257
2479
5157
-434
1966
796
-240
3536
2454
4555
1063
3678
6502
1866
-424
-1725
4925
-2603
4811
4544
6284
1304
3839
5869
5120
6493
5171
305
6378
-2982
-884
-2067
6221
5078
-2657
280
-2076
2436
6807
-1955
3424
-728
-717
-2795
23
-1662
2137
-1962
4659
5501
5294
1576
-2626
-1375
-1800
899
5503
6736
6513
3458
-958
1404
523
2222
215
3375
-1255
6154
6668
1695
1508
3225
596
-1227
4248
5165
-2971
-1599
3103
-540
6334
2454
4925
-1616
5323
4894
4788
6927
2858
2016
98
5333
2329
-1113
3175
3023
464
-85
4950
989
-2206
-596
5565
763
2009
250
841
6356
3386
6826
1141
-2391
-795
1829
2215
2746
-2650
-2541
-2564
-1257
1712
6198
2832
-2617
-1923
1978
4223
5814
3282
5334
149
2411
2643
5959
6943
1150
4764
2583
6965
-1904
-1071
6509
6068
1629
-1523
-1639
-2409
1964
1058
4958
-2729
-2458
-21
5801
5259
3646
1157
-1654
1993
-1142
5104
6131
-805
-237
-291
1883
2622
-1188
3191
2829
-1557
5597
-1072
-128
6213
3212
4430
-1178
219
-1328
2487
6718
1483
1718
3585
4211
4750
2226
4960
-2423
3817
1698
2619
3966
6090
1339
6850
2923
6625
5254
4707
6039
-2386
5780
5948
-1433
-2388
3844
-384
1557
2449
-1158
6607
4055
2284
2672
3871
2032
-2771
-1444
-1695
6836
-1941
4395
5166
520
6255
695
6622
-2212
3466
-458
755
4497
1712
3024
5720
3464
3642
2075
5579
-2142
4479
4784
-209
3709
3260
5197
4253
4853
2370
5714
6908
-2986
5886
2109
6215
5114
1255
3071
-1319
1033
1022
5739
6409
-2928
4127
2323
5317
194
-1579
-715
-1203
-305
6119
-768
5724
-1897
3320
1565
117
1201
4808
-2139
212
-202
2711
-1814
-1478
4911
282
-1817
-457
-1441
5358
-1529
-1746
5826
670
3317
6685
376
3878
4376
116
1155
353
6604
6481
-99
2938
1595
916
2717
6777
1937
-492
4402
-201
-1212
3110
-1328
1054
1387
2219
426
-2058
1638
5681
6827
1817
4055
3185
2289
-2986
-1174
3706
3621
2724
4951
-985
-2786
2750
-2058
2813
-689
-398
493
1455
2815
-2864
4144
3287
5687
5060
3092
-606
6548
6390
959
5927
1373
-2175
-1372
5928
-306
6877
6972
-1786
6838
3543
2974
-842
2583
-1265
-1480
-2841
3166
153
1720
405
5023
6547
-2404
1820
6184
1658
-673
3337
385
-511
1831
2566
-5
-2096
5142
-1346
-1254
-2416
-2482
2471
4729
1638
5623
-2014
-1862
4161
2164
4565
-2072
1975
6814
5619
388
849
668
2158
5651
-12
4524
2075
4735
-1957
2558
137
4879
1901
5311
-1364
-25
4906
6919
3240
4178
4971
3629
-1960
1945
162
4030
3357
6725
1442
4786
4333
755
2720
2960
-71
5954
1728
4788
6126
2089
3001
5599
-651
4972
-1335
2284
3253
2183
2121
-1207
2410
3859
4687
-828
-710
-652
7000
-2347
-1298
2421
2582
4574
-1014
-1140
3660
2770
3665
695
5550
6044
2434
4690
2963
-1066
-1577
3768
2010
3148
588
5958
4059
4114
136
181
6153
-278
2812
2023
-298
-553
4573
6714
-939
-598
2899
3922
3472
-2272
4290
-2499
5641
4720
-814
6236
-1623
-2285
581
829
3983
6480
2491
-2296
3543
-2100
5126
-680
3789
-1322
-1480
-669
1494
2557
-241
-1057
4383
1516
636
4014
1994
-371
-980
-1875
901
1022
6264
-305
3389
6088
150
6429
-2584
296
2497
1542
2940
6715
2906
2974
204
4859
1635
6884
-856
4841
2989
1630
-231
4068
-1856
-1791
1571
1160
3200
986
-91
-512
-517
2320
647
1343
3242
1558
2527
-2769
1409
3401
3786
2485
1104
1318
1110
3274
708
6958
-1032
3214
-1500
3231
-1191
-2168
-2673
-2314
-1344
3908
277
-2663
3668
2223
5052
3034
1554
-2514
6759
6141
-2363
5913
6983
1404
-2280
1288
1860
-2428
-2663
2098
-253
5715
1156
-2687
-2350
-2328
6837
-1868
3346
2642
766
3649
4363
3954
3613
-1567
-258
-2156
2240
2432
4520
1513
2267
1795
-1837
5496
2820
4350
-1965
3198
6287
-2358
381
6791
6942
6386
-873
6006
4336
3508
127
-2589
4899
1513
-1268
-1853
1838
-1320
3654
-2268
4241
2983
6730
3546
2019
-1633
4786
2925
1510
2724
-1313
1890
-1207
-2969
2294
-1886
-534
58
5346
-1972
-2988
710
-1922
2119
3711
4773
5137
-1992
4832
-2423
2989
1779
-2229
2238
6375
-2880
-1207
-2358
-136
2300
2873
-1942
3309
1107
3061
5865
2102
5209
435
-1128
3041
2991
2279
2785
4548
70
-1342
5553
-1344
-1289
-165
4428
2419
6573
71
1357
5181
2134
5474
418
5906
4941
-322
-2911
1094
-305
5786
3360
-2081
1872
939
1613
6850
5318
4277
31
4717
3352
-1281
3939
2628
4271
5854
3956
529
3135
-487
1578
1097
3186
-2612
3967
-2245
2167
-1978
6890
6749
-2189
843
-2930
-2348
-387
6472
412
4449
6690
1174
537
1961
6472
3754
-2517
-2176
6651
-63
-1121
41
4748
-2139
5133
2080
1338
554
921
-1151
1937
3208
2614
4934
1730
65
-2267
5916
1807
-1810
500
5182
6007
-1735
2935
3527
4919
3336
-174
278
1888
3856
5205
1224
6875
3070
93
6546
2776
-1115
2304
-2878
2394
-1485
1269
6145
-172
2932
-734
2882
3157
1150
6110
4111
1668
-671
1293
3629
5266
3151
6471
-1107
5617
-218
-117
1497
1033
6603
4656
-11
3428
-2037
6918
4904
2198
-865
3106
6373
-274
6455
-163
-1194
-767
6197
-928
-1460
6190
894
2072
6295
-2109
1705
-473
1623
6016
678
-2923
4212
1916
-2260
6044
3883
-320
2886
4573
-2034
6171
5984
-2016
4183
4071
538
1103
6933
-104
-1825
-498
1543
2870
1417
282
1146
1983
4047
-375
6228
-302
-1742
1925
4734
2281
-2039
703
4558
1854
-1610
-2771
4865
1993
2299
2576
-1327
-1873
5372
5007
-93
5829
2240
241
673
4617
-1147
5299
1998
1897
2652
-2713
926
5397
6669
4607
1679
2753
-734
5011
1559
-1010
5141
1250
3017
465
-2927
-1828
-1264
6962
2121
3800
-1904
2344
3288
-727
2872
-2893
-1744
-476
-671
-1512
6225
-1252
-199
1448
1089
1520
3999
2173
-942
-535
1526
4328
1253
4558
1420
565
-2113
2513
3542
2477
1345
4273
61
619
6811
2654
5420
5436
-1087
-2380
5512
2111
3062
2364
184
-758
5510
591
5274
-2021
5256
2740
-2746
-550
-611
5071
-2971
-2986
2644
595
2869
-1417
1134
4864
-2947
1031
2185
-840
-1652
-474
2340
-1860
-2090
3225
-759
3458
-1384
3252
-1626
2732
3697
-1701
5796
3989
1860
1227
-2110
-2698
-2178
6472
5815
-1005
4181
4073
1796
-787
6049
6007
-2096
-2025
-1755
6767
1644
3068
4011
-437
3346
-2617
-1074
-893
3078
1415
5947
-999
6165
6476
5056
-630
238
3601
-796
1718
-2813
-2881
6557
3949
1199
1809
5696
785
-1391
6210
6096
-227
1086
3725
6824
3328
5481
6809
445
-2152
2401
-1014
3585
6904
6811
-2251
5471
-2159
-120
4101
4728
523
1182
5172
-2123
648
1143
1232
2942
5989
-1941
819
1726
6845
1020
3910
6278
2715
-2628
4251
3429
2301
5135
4204
39
-287
2159
2014
6046
1834
2390
-1552
724
6548
-863
5623
4482
4640
5675
-2484
6492
-1578
4263
4714
605
6108
225
-2491
-1644
-476
4505
-2657
2380
1053
2540
6681
-914
-1914
-1300
3010
980
5769
-1400
3376
4668
5544
3770
1813
4658
-368
-2555
957
-2708
3060
-2525
6294
-1217
2308
2094
2835
-1809
-1382
5753
-2812
1357
3584
785
4465
601
4207
910
5070
2190
3817
4089
-1738
410
-2831
5215
6064
-1677
3469
469
2896
1256
3913
2195
4095
1495
3900
5816
-2699
2579
1522
4133
-2007
1061
-2536
-1524
190
-773
-2106
1103
6181
2294
4285
4643
5231
-1839
3226
6136
-1637
5119
203
36
-1152
5977
-2408
2443
-410
-743
181
5492
1611
5090
-128
5126
2405
-2503
2573
2842
6104
-2669
-2756
2754
-1658
2545
-1677
-1125
6496
5701
481
3075
1095
1552
4123
5020
-601
-168
-2613
4207
5809
1833
6159
3283
6749
-1415
-83
1842
1066
3196
-982
2396
5410
3836
-459
-240
6447
-2798
3454
-1066
58
4543
2767
153
5930
4712
6682
1657
3937
-1918
3788
429
838
3808
-134
1733
4208
5965
-460
-1233
4302
298
5325
6871
-2071
-2874
4444
4717
519
-906
3225
1572
-2493
1670
6866
-1058
1730
1118
1834
-1583
-509
1669
1325
4360
-1469
2680
4545
-719
6003
-1870
1506
6187
4294
-501
104
-2748
5039
5788
1483
2423
1507
625
1873
6208
-1898
5893
2226
5633
-688
1625
6281
5037
4701
3524
6649
-1475
-534
6904
450
16
3419
3281
4225
-2263
4698
1093
4561
156
1478
3894
5576
1077
188
-1531
5793
-2182
807
124
2641
115
981
4008
5229
2692
3928
-364
4537
-2838
-2069
851
366
-1904
-2286
6139
3130
-368
5109
1665
180
5204
-2064
-2132
3724
5829
6488
659
6823
-2730
2524
6774
1460
3444
4254
-764
3266
5642
1328
1278
5442
4123
6253
-2507
833
-2761
6314
2863
-2661
2764
5990
388
2726
3430
4516
-140
2259
2215
5192
-1168
5726
-140
5580
-38
5703
-657
995
-1178
4064
6105
2507
2881
1438
-1585
4666
5463
-942
1603
3167
-2877
-247
-796
4601
2352
-858
6377
3454
-2428
-1148
4358
1808
3883
6122
4166
558
6286
-701
-1848
5772
387
796
1680
5528
2969
2403
-367
5371
-2719
5726
-444
-972
-2684
2976
5528
-2845
5618
3771
2846
6494
-2414
-2827
241
2478
3223
-2069
-1316
6767
2822
-298
1708
-875
-1353
4375
6172
-2992
3812
-579
-2794
-1408
2049
-1220
-767
2021
4786
217
-710
-1589
710
826
2291
941
5286
4680
-1668
729
-416
5441
4232
2106
3668
2393
4641
4311
-1271
5661
3729
6303
461
-2122
6748
3775
6973
3973
6178
2994
1837
4992
2481
1150
5087
-421
6471
6127
5800
4171
-1408
6943
1180
3508
2458
946
1025
-2735
-1917
6719
5605
1577
6344
-802
-930
3009
4214
-2673
5944
157
890
6657
5067
1726
1825
6587
-1077
-2918
1633
-2641
3343
3842
6398
5411
5415
-363
4734
832
2057
6429
357
-1374
-217
1246
2207
5610
2410
819
195
-2491
5038
6338
1217
2921
6224
-2189
3230
1584
-2579
621
-618
1295
490
1641
2690
-653
6080
5883
4383
2995
2375
1736
4953
2056
4495
6598
4952
-2392
4306
-2266
3030
1023
3977
3485
-291
-2222
2095
4838
-727
-1535
4006
2552
5298
3668
-2135
1801
4132
1339
-1010
-341
-2533
-42
2933
-1807
5966
-2931
4668
3458
-1391
147
633
205
-2736
3458
1346
6248
809
3895
6932
4982
5861
6668
4303
4975
5386
4414
-1913
2126
5914
5102
798
6480
1271
515
-577
1079
5216
5627
5522
3534
3916
-349
-974
-1679
4460
-1124
3834
2313
2878
1194
6242
5123
3051
6641
3158
-1453
291
-563
4789
-1593
4450
630
-2345
1505
5582
-2590
-2819
5431
1947
6846
-531
6834
694
2769
4393
57
-752
-1851
982
-2750
6529
6970
5233
-2035
2497
2563
-2332
6375
-2816
4886
-2807
5404
301
-1247
4023
-284
5475
-154
5161
-674
5540
2629
471
-872
-1107
1277
6326
-1727
-1445
3705
2292
4506
6715
1536
-194
-1641
1133
-288
4998
4049
-1109
-930
-617
910
4406
1955
5537
6265
4609
-434
-2553
-1754
3068
-326
4584
2294
114
-2972
-1402
5574
969
832
6195
923
-2151
4634
-2631
4751
3562
-1445
3438
2480
-849
3429
-1739
-131
554
893
2763
-203
-1338
-418
6
193
3936
6604
-2927
1918
2645
6278
3391
-2416
2617
-2668
149
-328
637
-1823
-1835
4053
1963
2739
-793
-1741
-2315
259
-1656
-2293
3324
4337
2977
6921
438
5902
1066
-532
2266
3052
1758
6354
3097
4161
102
828
1232
2293
1849
3036
366
2593
-2581
1252
3078
-904
-2921
1981
186
-2332
-1891
2729
-1853
5302
6995
4278
6968
-2442
3781
-1347
6291
3591
-2414
-2687
3394
5876
1701
6903
3861
771
5045
6259
1212
3921
5580
-1509
-759
-1462
448
-1639
177
4691
856
4923
-1825
6557
2780
1669
-2989
-1204
4282
5644
5453
-2358
3088
-1238
5463
3385
3477
-41
4338
6143
5356
4137
5480
855
1201
5538
-2510
-2625
1944
1789
-2234
-988
5262
2924
2499
-1802
3539
-148
-1460
4994
4283
4898
5600
-2461
1988
3946
6105
5124
-2814
354
6972
1565
-1780
3604
4046
-1466
607
874
3328
-778
6537
-454
3949
862
-2425
6852
5623
6438
4367
3717
4054
3713
5842
81
2268
-27
3645
4743
-994
814
-2660
651
3022
6122
-2198
3339
-1710
-1279
-1714
318
493
2427
-1008
6604
5703
2979
408
4406
1466
-1294
5688
1778
1804
18
-2045
3407
6203
3856
-2919
-2766
4530
3453
6787
5722
-1521
1689
3638
-667
4926
409
-661
5948
5016
5678
3910
3812
2332
2102
6983
431
5123
-1787
6830
2343
-2703
6475
-2494
-2732
6108
1762
213
3796
4170
-2045
1181
5420
1559
6797
3779
3284
584
4108
5771
1064
-1383
5414
1477
5713
-1203
-1880
1167
-2174
4391
6067
4143
1440
-74
5568
2187
-1836
598
-409
3966
163
5497
6386
441
1895
3701
706
-289
5194
2772
4100
6748
20
2592
-1015
-2480
5585
5571
2306
-1445
4640
206
722
626
690
-2384
-2213
2705
3493
4380
6999
3535
-176
492
-2845
4904
-758
-1296
-1177
4917
-2813
65
3682
6964
-2991
1304
4935
-929
-2538
2684
4992
6110
5753
-2510
6034
5111
1523
5917
3188
853
-899
3404
-2740
4543
3277
843
-502
-1209
-2680
412
-2703
487
1761
6410
779
6935
4277
-2373
2965
-2274
6700
301
1695
1210
921
5419
4686
1293
5282
5470
3764
3398
502
4026
4830
879
3174
2929
-406
1883
1758
644
-2465
4549
6154
1578
5825
6612
-2573
-562
5489
-2443
5187
4993
1855
-1832
3876
36
5679
2166
3171
-2036
2539
2985
4193
6888
2337
-1148
-2509
-1934
256
-582
3743
4686
-2954
-2579
755
3726
6520
-1881
6068
4059
6050
-1528
-255
-1297
5879
4825
5197
425
-2907
-900
4994
5170
-2742
4582
5470
-488
2913
-2127
4022
194
4569
6623
4291
2859
6082
-2945
4712
-494
-2818
3802
3482
580
4785
3026
3495
-1562
6174
-1425
-1026
5058
-2136
-108
-2350
-1849
-1961
281
-2723
2426
-2579
-1511
3565
3093
1212
5426
1035
5129
2274
423
4736
4602
2782
828
2277
5712
4477
-2487
3131
-2969
3803
5430
4945
-2136
705
3268
-1543
-182
-2015
-158
5938
5977
5367
5956
6861
651
2261
-1074
3185
6674
-1723
6212
2026
-2890
6023
5836
-489
-1899
-2933
2470
4315
3258
4029
6428
5133
5330
-1704
5132
2107
-2742
5529
2246
4455
1455
3648
174
-989
-2536
724
4421
3306
-1985
5515
-1389
6882
6403
311
-2195
625
-963
-2774
2466
304
-2439
-2266
3470
2914
4956
617
1490
1621
5160
-1965
1823
5420
6604
6618
5855
-1854
4329
3203
-2538
2472
-775
3863
6390
1020
-984
6002
5185
-1272
-1907
3260
6160
1420
2621
6314
-2103
5511
228
-819
6733
-2141
-1899
5135
-142
2117
6337
90
-1112
5583
-2152
6782
5568
2625
6936
-1923
-1846
2206
4733
3570
5820
6783
1174
4410
5019
-780
-1024
473
-2769
-2980
-1923
-2692
1195
-951
-739
-167
-2806
1107
1666
2964
4636
-1889
908
5221
3574
489
3229
-361
-2000
1252
-1815
2054
-1079
2295
-438
5036
494
2122
6354
4551
-863
4266
6778
-2686
-2442
5281
5497
2451
362
2967
808
788
-2081
-856
-2490
4654
2392
4367
2304
-2539
443
-2734
3075
604
1306
-2585
2598
5464
1252
6994
6823
3633
-1367
5790
4873
-2222
6457
6085
1778
2966
1038
2056
6985
3878
828
4006
5648
6244
4029
-1856
2093
987
2363
-834
1377
421
6441
6861
-75
-434
5170
6252
-222
-2395
6465
-596
2238
5948
4524
-2416
5963
1495
1605
1573
1003
720
4740
3293
6040
5780
5734
195
5146
-2579
822
2986
-1645
6673
-506
1673
-2218
3697
-175
6851
1170
4835
-2723
-2234
3322
-2461
119
675
-1245
6270
5671
6532
-380
-803
4725
2087
949
4953
-2246
2041
-846
6133
1494
5934
1523
4193
4152
4031
-1248
-1385
-2383
-1174
1791
4253
123
-2931
-1797
-552
6917
1949
4739
6010
-1270
-45
-884
638
4707
-984
2069
3482
411
-2300
5668
6560
5836
6441
4865
1882
4237
4729
5492
-2277
3299
6547
6525
-2677
5607
6762
4676
4798
5368
6999
1123
1862
2422
-1217
1962
-2341
3779
1209
-1020
-1079
4354
3942
6810
1996
2833
-2072
5821
6622
-2405
5306
67
-773
4932
820
1999
2648
853
6513
2301
6851
5725
47
5989
6231
-2512
1218
4215
-207
2047
4113
3206
-964
3362
-2377
-709
-1518
1617
-1213
392
-304
3605
5389
6148
4913
4273
899
1077
-2709
5241
-2997
4013
945
186
1166
5383
2846
2873
-1171
5550
-1228
4435
4017
-2650
-1370
3766
-2972
530
162
4067
-965
173
1810
5325
4740
237
4324
704
1567
-2873
-870
541
3538
1214
-1798
4938
6026
565
-1850
4930
-275
1416
6088
6731
2168
3889
-1018
6548
-331
1648
-2543
-1870
2328
-2371
5712
4380
5314
4506
3285
5017
2763
5729
-2176
720
4176
1428
-2928
5369
-1235
1598
5641
504
-2555
6520
3761
6864
-1067
182
2444
4776
-1616
5384
-1651
500
5285
4212
3668
-237
1921
-11
-68
4174
1384
6098
3466
5693
3350
6327
2687
847
3272
1444
-2765
6430
-869
-440
5283
-2161
3291
-371
354
1305
158
-867
3224
6193
3205
6925
4108
6602
-722
-1809
2602
5445
151
6042
5723
5635
1278
-2690
2070
179
-1055
-1974
5529
1915
2398
3557
-2292
6434
5988
2654
6101
-901
2041
-2026
2369
-1367
6436
1268
4409
2292
5943
23
-420
3652
2532
4193
2645
1410
1191
6313
3370
6781
-1444
4348
4921
232
1580
-730
78
437
-1453
-1680
-1424
1617
1054
-1138
127
-459
-827
-308
6376
-1608
5436
3830
2784
5481
5775
3202
1490
4808
6092
3022
-2707
5012
-365
5968
5156
3081
5370
532
1755
-2879
5680
6737
-2301
-2755
4993
2949
-1567
-1450
5165
3136
5928
6424
1532
5966
3693
6191
5096
173
4386
-1738
-818
-207
3327
-1481
5263
-1749
266
4879
-2890
-441
3816
1163
5928
-824
1439
4932
1202
6659
-2941
2022
6058
-1367
6304
3743
3847
1960
-1017
2488
6568
67
-2199
-1834
2835
-1259
-400
4802
99
-780
321
4206
-1789
733
4869
4334
3505
-359
1971
-738
5984
800
5074
-1384
167
3456
5502
-209
1562
1877
5830
-2917
190
450
-1697
2317
2038
5202
1567
3729
4237
1400
1239
5784
-940
-658
5035
5512
6470
61
-2434
-2781
842
6926
1445
6699
-261
1056
-2884
-1740
299
1860
198
4367
5394
-89
2551
-1034
2503
4930
3370
6374
5557
-745
6161
6771
3822
-1148
-2264
-2714
2740
-638
2218
346
811
-1211
131
-1902
6678
6610
-2488
-2801
-2683
521
4788
-1867
-2996
66
4646
-1273
-1442
3209
2078
5239
-1101
615
4590
4177
-1211
-2435
591
-2457
4493
5202
821
-323
5637
3828
846
-1298
5278
6121
5380
3529
-2305
2862
5270
3498
3301
-2603
-1746
-1165
-2864
-2467
562
-1352
6835
4860
-2270
2001
-2704
-674
-2111
-1735
113
4159
6944
6860
6615
-1609
5829
1711
3702
3642
-2855
58
-2077
-64
4878
-2332
-2244
5466
-842
5083
-2803
5272
1057
-2450
5175
1460
911
-1890
2639
580
-745
1950
-1284
5863
6922
-1709
3061
6603
492
-1720
2865
2392
6190
3525
630
969
1952
-1269
-2170
-2767
6482
6424
1084
-707
-2098
6424
2560
-396
1473
1785
4657
-1067
-2882
505
-180
513
5405
2196
2010
5309
4534
807
-1011
-1063
-1909
3786
2579
447
4513
834
475
599
-2317
5217
6351
2612
3897
-1603
-1457
4953
3813
2823
6729
-1980
3185
2165
-1900
5261
3516
-1407
-855
657
-784
3528
5481
328
3920
2939
-2992
6682
6300
2139
6951
6923
940
1729
4299
-1215
-187
3922
-234
2501
3344
1132
6650
-2032
6079
1750
1995
-2387
504
-2455
295
6029
-1281
4365
3581
4749
-2873
5570
-1664
4940
3614
6535
1993
-924
-652
1808
1758
-2909
45
-2844
1365
-1224
-2066
5939
-730
5936
6667
2018
-1534
-2485
17
4931
-1741
3116
-302
-2662
1316
1463
-1028
-356
-1254
4909
4554
5708
138
-2399
2372
518
2056
-1734
1884
3340
-470
-660
6877
6473
-366
-2706
6622
-267
-711
1198
2713
4518
6835
1458
-2521
6577
6719
6579
1055
5144
6833
6186
6939
-1637
6323
534
1826
6752
730
539
4661
880
-89
2051
738
-2049
617
-2934
6175
-954
1715
-841
4147
4659
-2732
6727
5967
6849
6063
416
6527
-1301
2631
6405
-430
5052
4741
18
-1629
1073
3883
4862
-696
-2899
4909
-270
5625
136
-1021
5112
2894
-383
-366
-1202
-296
187
3198
14
-2540
-810
2757
1317
-2915
1148
4199
5291
2139
5272
-1044
3988
4028
764
-568
2289
-2812
2034
3133
3658
3121
4025
3763
-1160
-301
4778
5275
-1786
6943
3805
5328
1835
-2777
2288
-2162
468
-1733
159
837
5798
-572
4756
6188
2721
3623
945
1755
3575
1113
1253
1577
3346
4713
4209
1158
3382
5175
6323
-1948
4221
-2512
-469
-2676
-429
5581
-1388
-1382
806
4228
4910
1497
-1032
5851
-1332
4407
1855
4499
-1478
5806
889
2498
-104
2955
3821
6629
867
1739
3937
4347
6237
5921
3959
3778
97
3329
2938
2036
5893
-2777
2356
-711
6302
2085
5477
-1944
-712
-1876
2044
1298
5645
-1020
4936
6353
328
-551
3068
3816
573
-2456
3544
3187
3568
6034
3112
2418
3873
2500
4664
6740
6016
2963
-2900
4891
5920
1440
3529
-395
4150
6078
-1272
6285
1686
-2081
129
3712
2992
-1878
3785
6826
4293
2335
-2109
-853
1162
-2651
-496
1625
4482
5822
-243
-805
6423
3475
589
2710
520
4543
155
1091
1072
397
5107
4681
-2971
-1417
1406
-28
-2371
-2713
5651
380
2490
-2246
5197
6985
6041
165
5886
5098
-2721
2835
-223
-1134
5418
192
793
6723
4283
-908
3197
-934
1398
5093
2560
587
1789
-2660
-2969
-2719
5927
-1549
5892
-1927
828
1015
-327
-1567
5500
6140
5934
-1155
6651
4762
3956
1790
2754
1950
120
2551
-1036
6069
-1121
-1197
6520
6774
4459
3471
4130
1682
3358
1874
1244
6541
6822
-895
2508
-2182
3220
-785
867
1031
5814
759
5995
5328
4860
2984
2793
1048
-2420
3888
3220
523
-1044
1256
2508
-1774
-1095
412
3727
-2405
4392
-2560
-2719
2340
5797
-1502
1952
485
6306
337
2534
6536
366
49
-2464
2344
277
6521
5744
-826
6446
-1277
-2043
-1189
2163
3416
1395
6596
2572
5819
5683
4952
5245
-2431
6582
12
-1072
-2014
4921
-258
3472
-955
4192
821
-2283
4633
3266
3726
-2154
4941
3389
5306
1037
3381
3789
3526
-635
1530
-267
-548
3616
-2350
6734
6103
2245
-1607
-689
-2149
5404
6113
-1958
3638
-1399
6407
5707
6831
6974
-829
4715
192
536
5639
4088
-2858
5469
6833
6781
4795
4014
-2976
-2780
5783
2456
5064
-2753
3839
-1062
1970
4411
6929
1921
1469
5656
4610
3382
6573
4663
-2314
6637
-1242
141
-1700
3828
-2159
-2074
2088
4524
-1888
-1246
-1421
-1390
911
416
602
4366
5850
-1439
2302
5265
-2448
2134
-2336
-1277
-2213
466
6914
2821
751
352
-1862
4656
5001
5567
194
-655
6646
3290
-1996
5441
6514
6305
-80
-1651
1691
6139
400
-1388
-2779
1784
631
-1779
-556
-2187
6282
2090
6652
6237
2795
4174
5213
4054
1365
5016
6935
6777
5027
-479
2551
1083
4533
5518
6914
1795
5984
-1065
-2473
4985
6942
4159
2506
-290
-1212
-1839
2923
2784
-1251
-1999
708
-2558
1914
-1087
-2816
1949
-522
-2135
2806
-765
3033
-436
-1115
-2730
-2146
2041
-745
3709
1225
3337
1279
-2590
3689
5172
1288
5547
4331
2323
4445
-632
-1655
6516
2108
-411
-1351
5002
5742
5125
1885
5107
2325
-1860
1708
6984
5525
6266
4993
4459
2630
-246
1929
382
-1295
6395
3748
2016
4390
2376
2936
1999
6249
-831
-232
4971
1276
3399
6020
3206
5015
6435
5264
2682
4592
-1998
-636
1804
-1130
2650
-964
-2098
5130
4929
5645
2478
835
6354
-2642
2941
6848
1346
4624
1501
1918
4091
-490
-2514
1254
-2016
-933
4870
5338
-2039
1224
6497
-95
3440
2799
5451
4018
5603
-1698
-848
-1439
1138
2040
-2992
-1451
133
-1318
4232
-242
1780
-949
6430
-636
1109
3905
-2643
1456
-535
5406
4320
-2426
2520
-1627
2043
2517
5253
5739
-537
-1164
1468
-2945
4841
2802
1617
-1600
1369
-762
-240
2991
301
-2425
1254
3610
-894
-517
6717
624
-2036
5682
1705
-418
3597
6248
5183
5100
4700
183
729
654
3552
1189
527
3996
-1743
1990
-834
-53
4265
-86
2595
4653
3478
-1311
4765
3838
5255
3421
5743
-2259
6275
-1216
3183
6258
4739
1478
3847
2397
-554
2963
6102
5165
1851
2050
701
-132
3740
1295
2568
679
5768
6390
-1363
3560
3679
4830
4355
404
3443
2189
-606
2753
-2992
294
-636
6738
6434
-36
5859
2459
5435
5897
-493
-1349
1160
4033
-814
3558
3107
4562
2810
185
3347
202
369
2315
6706
4773
5403
-2065
6059
4899
1904
3627
1816
1823
3259
-2381
6249
3834
-524
1062
-38
2395
-2608
-254
628
4876
-2417
6990
6213
4020
2863
510
-177
-1420
-1432
-372
703
255
395
1182
-2341
6862
5445
5728
4674
1233
4153
-789
4875
2377
4767
739
5108
-971
-1683
5803
2305
4844
2042
5934
3057
3163
-783
1779
-2013
-1562
6184
1185
1129
-1018
2161
-613
2054
3643
-1565
-2611
-2135
3681
3065
4384
3219
3475
4738
4076
3395
-843
6359
6127
-982
3218
1595
-1857
491
6185
-2865
-2732
3717
2072
-7
-1630
-2174
2963
-2574
5039
-160
868
-1736
5568
2981
-857
776
4855
-170
5836
3779
2110
1946
3661
4142
4299
-2324
1181
-246
4962
559
2939
2183
361
-1477
-2447
5331
1210
4741
2442
-2499
447
2539
-1690
-196
-587
6662
3130
4193
6693
-1762
-922
232
3505
5443
4455
-2899
2440
2298
4723
3619
1806
762
-1011
5169
4233
-451
4608
5743
5163
219
-2805
5058
-2639
1298
-857
2607
5053
-2568
-2498
-1996
1209
4930
-2968
1113
3521
662
652
-1022
2314
6738
679
972
-429
-1796
-15
-1845
5165
4383
3566
2987
521
905
-850
6844
4922
1046
3021
-2372
3356
467
2513
6758
-1796
6546
-2335
-1705
1229
242
-458
-444
-1801
4292
3425
-26
1863
-763
5594
6272
-263
2247
2428
-929
2441
4321
-2127
6234
390
5931
429
1272
4123
4330
6876
3915
-440
2351
6429
6
2743
6161
533
3561
289
5846
-2560
-139
3091
1657
2127
1961
-2879
498
-2867
4583
5789
1431
5526
4883
-652
-2515
4199
1209
-2586
-1912
-1380
3644
1105
-1789
406
4802
-54
-2530
-668
1628
4415
2385
2689
4347
-2587
5370
2263
2339
-617
3353
394
3825
4284
298
5371
5092
-75
-2053
3743
-700
4481
2323
-1417
4410
2752
3735
-1522
6164
5914
2111
-948
-1723
949
-1491
-1022
-191
3547
6797
-2953
-2567
-2173
2614
5343
5377
5653
-2350
-1979
629
-1537
4861
181
4960
-1118
2549
648
4780
-115
1638
4024
4946
-2386
5846
1826
5185
6697
5420
-1246
855
1233
3354
4383
5578
5946
3620
-376
2595
2589
-393
2073
1788
-2201
5681
-2802
-247
-1072
6259
5885
2754
5596
5181
1386
4292
3007
2045
-406
-196
5987
4039
-1602
6421
1879
-2336
-2138
1561
-464
447
4785
6951
3731
847
-70
1725
1358
598
6044
5799
4224
3066
5699
6784
-1470
-340
6183
109
6547
606
-90
6308
4209
701
-29
-2432
-2402
4325
-888
4185
912
-744
6020
1545
-1547
3886
-1233
5453
-1759
-2818
2354
3302
-2847
-1314
6588
2551
-1086
-114
5973
3398
6252
-1216
-260
-2410
-1566
6531
-2837
2965
5657
-2780
-1456
3478
-1407
-1215
-1835
2094
6283
5601
-511
-1922
-767
-722
1103
2492
5583
-2083
2861
5713
-1524
1476
3172
3577
-115
3944
11
-2168
2927
-1229
5712
3014
4703
4262
-299
-1038
3132
-697
2227
3219
3473
-2428
3153
4126
3148
4955
5486
5365
506
6179
5956
6615
302
5974
6438
2819
2199
-1329
2528
1302
4009
6967
3199
-1428
3290
1417
1354
-2367
5904
4968
-1368
-2069
-2487
5842
-2507
1679
6492
-958
2730
4578
-2446
322
833
-2786
3598
3081
-1676
-1113
4264
-2651
4673
5433
-1664
1314
3591
2531
-2994
-445
-1117
3661
2599
-400
3475
-1533
1756
-466
6114
-1804
-1408
1498
6208
616
1079
1388
-1200
1426
6755
2222
1663
6174
-1684
6529
672
-1860
-2629
943
630
-76
3094
6807
1915
4506
4601
2049
4728
214
-2737
-1924
-885
1507
3589
4909
3748
5319
-2035
6495
1103
3433
2122
-2945
4130
5688
4190
976
4129
5911
2666
2221
-1394
2830
4809
5721
1356
3793
-2172
6751
6736
-2958
-551
-842
4018
534
6528
14
-123
-2200
4194
-1627
452
-336
2497
4501
-1372
981
5820
-274
6323
6359
2020
-399
5352
-2685
3883
-211
-980
3785
430
6639
4949
4834
4066
-1624
-742
-1172
-2175
6947
2589
4181
-2671
3584
-2779
435
-1079
4814
3177
2491
2416
-437
-1306
3175
3113
5363
-2469
-1395
911
2550
4613
-2653
121
5925
6213
138
3581
2874
799
5616
-1306
-1124
1059
4567
586
4034
4186
1859
2537
-669
2212
3690
5631
-2544
1741
5888
-2164
6700
-2472
-165
1701
3470
786
-2865
-335
3792
-2411
-444
477
548
-57
6725
-2050
6869
5657
1736
2522
1283
1352
2482
3893
-2106
-1831
6579
3649
-1610
5495
877
1033
-607
-1450
3054
334
2112
6161
3130
689
-1182
652
5712
5845
3699
-696
1332
3441
1816
-666
607
6054
1884
-1933
2489
-1651
4530
6202
-2426
-173
-2679
5553
5998
3770
1317
-2075
2838
-2152
6873
-1442
-699
-867
-150
-1471
-587
1405
709
5635
1602
4373
5183
-1966
1353
1007
-2023
4743
-2117
1906
-909
2008
5740
-1660
1508
-781
6961
1923
3596
858
-220
-989
5129
-773
1032
6617
4048
-2817
440
1333
-272
2885
5673
-2598
-2422
-2301
4447
3880
4760
-1524
6316
-16
4887
2292
6404
3006
1561
892
-340
-725
2179
1647
-2261
-805
-2801
5173
403
2210
6433
1500
-80
6695
1420
1919
3649
1466
-154
459
5768
-2591
-2007
4659
6110
6889
-296
2070
574
-2723
4013
869
1186
2178
496
5597
5194
-1109
4223
2652
2447
3985
-582
-870
2190
3309
4265
3133
4328
113
2425
4750
4615
-2516
6874
6327
5680
6207
727
-829
346
3716
6251
6818
6974
-1489
204
-722
-1659
-2149
4070
4691
1741
-31
6742
4708
-2021
-1707
4230
3414
-1200
692
5813
3133
2308
2406
854
6745
-2018
-2343
-1756
-1748
-1770
3233
3566
5902
2664
2623
5015
5403
4089
-2355
4215
61
-1903
-2757
2456
318
5035
-812
186
5496
5167
2105
-829
1859
3223
-1399
-2585
3300
2872
4219
5081
-2193
6833
6130
337
3820
-215
6936
-185
2905
2405
4006
-2692
3930
-2164
2669
96
4537
3935
5279
2751
5993
6377
3718
1065
4028
3466
869
6948
2665
1061
4801
-1708
1261
-1518
-658
2950
5345
6551
5420
-1385
4401
5022
-26
-232
4355
4304
-2354
6493
4859
-481
5835
-780
3330
6790
-921
-1625
-1962
1853
2773
1705
824
4382
5289
2352
5930
516
-2276
2292
400
5789
2859
-1585
4771
4534
6547
75
1496
1805
4748
-457
-2305
-1052
2124
4416
-1362
-2197
5949
5724
5510
4520
1382
3599
5152
-1929
-2244
6169
4143
182
5964
6890
5803
3391
327
-1743
4781
6112
199
6269
2067
5792
5241
-1782
5445
4079
4903
4535
5575
-179
4435
4164
-1833
1054
3702
-76
4431
6854
-1734
-1994
-1794
2136
5363
4913
6209
2935
1804
2216
2618
-2776
-1408
3065
755
6310
1201
2630
-2096
130
-2605
879
370
4600
4939
5613
-2754
-1375
-1566
4823
3375
5009
3941
5156
5787
-1664
-711
-1997
-418
5104
6379
1269
-1742
-2309
2102
2384
3650
4763
3981
4510
1412
6226
-2857
5284
-2033
535
997
-1891
5508
5317
2476
5806
6125
-734
6748
5729
2301
3081
-1766
1735
1587
416
-1561
4663
6534
1760
13
3325
-180
1703
21
4256
990
1113
6308
-2311
270
495
3465
6039
1733
1954
619
1064
2144
-2187
-162
-915
-1541
2423
3461
366
2193
-38
4212
-2739
5751
2433
2541
-2550
3930
6709
6184
6843
4040
6944
2788
948
1691
1200
760
3005
-2004
1900
3116
-1783
4585
2016
-4
3000
3618
672
1534
6555
-2118
-1083
697
-1510
4592
4379
3441
2905
4485
2245
-1574
327
-2224
-784
4435
4766
5413
5413
6585
-2091
-2059
-210
4230
6475
6159
-2751
2216
3993
3530
-1074
4619
-1994
-1098
4896
732
3660
3865
2753
-699
-2430
-2140
789
5786
2384
213
1953
4962
2134
-1980
4611
6826
516
2105
6568
-431
6521
6593
4598
3508
-1390
3094
-466
-2504
226
-836
6208
4752
-2803
1916
2308
3039
4421
3111
-827
-795
5283
1106
1803
3528
6482
6521
1307
3371
366
-2123
5527
-2753
-1111
6769
3740
1949
-2826
531
4692
2065
-1293
4184
6542
3494
2581
1069
31
-242
-1489
-2728
5892
4156
6036
-162
572
3571
-1499
-1990
2299
622
1769
1895
6381
5048
6235
834
842
-1769
3310
5074
-2315
-595
2238
-2709
4110
3914
5383
5959
2153
-2064
6556
1007
4774
234
5836
2874
3088
-1256
4242
-2120
5764
-2623
-2760
-626
6078
2696
-386
4424
2523
4675
2678
4614
-844
4351
2806
3516
-2271
-267
-1027
-1997
3708
736
5144
2646
-777
2854
421
4006
4358
2029
-1854
6788
3282
3320
-1004
4533
-1069
-2282
-1058
2163
1514
2183
6953
-23
884
1767
5135
4525
-679
-1325
6063
-2261
2881
5101
-113
-1137
-1036
5473
6761
2630
-2510
5767
2113
1933
1765
6263
3134
-102
-1242
-2681
2761
1685
5225
2245
3784
982
-821
6321
-503
-2535
-2273
2226
-351
4825
5758
6155
-2514
2471
1473
-848
5436
2247
283
-2726
3373
-765
1853
-1765
6917
2204
1441
1854
152
252
5786
1739
4416
6793
4414
2785
1274
4806
-2982
545
-2993
6368
-2500
-455
6037
6919
-1209
-2097
3053
-2132
204
5473
5672
-2906
3593
-2982
2410
3526
2496
1354
55
-1819
3339
6642
2698
1535
2207
4207
6303
-688
3750
-1555
-1417
241
-2772
393
-1264
5014
1737
1274
49
3210
-1202
5312
67
2502
2753
-2458
5975
1090
-1359
352
-2040
3653
-1021
483
-1203
-2986
-2155
4804
-227
3205
5322
2888
-2776
-461
1946
1267
1266
6972
3857
-594
-2536
2644
6195
5877
-977
2794
1756
5470
-62
6504
-682
4950
6674
-2912
3916
-1366
4879
2068
5395
5499
2106
-1136
5588
-2905
-749
-2409
3618
-2866
5910
2811
5904
6990
4863
-395
-1471
1117
-2255
4683
629
3914
-2204
-425
5324
-1919
-2334
2644
-2125
-2774
1192
-36
-2859
-348
-104
-321
2618
4690
128
1447
4026
-1926
4137
3551
6686
-426
941
1414
993
6431
-2744
3384
3697
322
6689
2667
1905
3291
-1338
4495
-2826
2912
-333
4561
3795
6235
3317
3807
6678
1244
3666
3272
2482
-164
2718
5002
3418
3538
4975
-2621
663
-1818
1265
-1263
1524
6177
3762
-485
5977
2136
3237
2282
5280
3224
95
4669
4128
625
4473
4946
6614
2157
-1642
4993
-1088
1462
-374
1479
4086
3785
-446
4684
-1802
1994
6411
2645
2429
2705
497
943
6409
835
3751
-2112
-609
-1645
3631
6774
-1109
1541
-1676
5495
5561
237
5300
6982
3854
6680
-2646
2741
-1418
6558
-1355
5385
2552
-1846
6408
192
1818
4922
6248
5721
1015
867
2621
1934
3635
5139
592
-236
-2339
3994
2848
4800
2984
5095
833
1931
5043
118
-1878
-819
-1151
3651
914
2715
-2728
808
5904
801
-2963
-2352
1577
-1565
-1460
4598
5850
-1036
3440
5164
-2108
-1526
4470
290
3626
-153
66
341
2207
5996
-2863
1709
2362
-1981
-148
-767
6326
5501
6047
6573
-2436
304
-2384
-2782
2227
4628
1723
-2668
1824
-2299
2132
3659
692
299
-2843
550
1600
1658
2408
2383
757
-2745
34
4720
6975
6107
622
3733
-863
1237
5659
526
2423
-2795
-1463
-1782
-1613
6889
-2992
5761
4101
-700
1964
6718
4303
-2363
2736
-2253
4221
3965
2308
-586
617
5706
4771
-2315
3696
276
4487
6471
1452
3353
4903
4497
-2660
4938
1452
6832
2315
3715
1322
5407
5546
6525
1510
-49
4703
4695
-451
6043
457
4652
-1628
-2249
3731
-2363
-1697
4501
6095
3261
2099
6458
2365
-588
-113
4582
-346
3437
2089
4286
-2776
11
-289
4579
-1332
283
-1172
2306
-2148
3518
-2721
-836
-2248
5818
3842
-627
4623
5578
3738
324
-1024
653
2929
960
2312
-183
6721
6060
597
2769
316
4256
2462
-949
3529
6399
3870
-2880
4023
1205
-1733
3775
6841
4838
2152
-1269
-261
-2756
-2358
2246
-1433
181
4171
-1578
4716
2583
6678
3064
-736
5375
4199
-945
1864
784
-150
-1100
-2799
6786
3272
2915
50
-2765
3325
6374
-830
-747
1295
-2413
-30
3163
2044
2927
5271
2647
2090
-1596
-1592
-1836
4438
1781
6281
-1563
128
3655
237
203
1377
-2944
6359
3490
-1698
2421
3691
2692
6226
2155
738
-898
2607
2699
2358
534
3873
5403
3202
3195
-2466
-2667
-1862
3928
1110
-1952
-2754
1374
1840
1425
2846
86
1802
5932
-2745
6931
4716
6296
-2352
2718
-2185
2018
504
-606
-2020
5280
2374
6032
5279
-2806
4853
5061
5352
-1956
4325
1356
6555
-203
4604
6958
-624
-2163
-499
-2982
5372
-733
4444
4170
3455
-682
-2944
5295
689
-990
1713
-2129
1575
2792
4111
5287
3080
-1856
602
4710
204
1566
4717
5049
5601
172
-1258
2856
4436
251
78
-1188
2487
1640
1909
568
6870
-319
2515
-2716
3566
1352
3061
5405
-1857
-2185
-675
933
5346
6613
-81
6437
5209
6432
1922
3806
221
-2913
5542
6166
-901
1637
84
-2233
4467
872
2300
5428
5160
213
-1867
5502
-993
-1550
-2682
2068
4301
-2128
-1601
3390
-650
4398
1486
4265
901
-2131
2715
3430
-820
-865
954
79
-2603
5398
6243
4301
-1973
6088
4678
4012
484
3755
383
1752
-51
-1748
-291
-1842
1876
-273
1447
-473
1239
213
3667
-1379
4812
-342
-2426
6887
5229
6042
5905
2510
4158
-1466
5648
4275
-1075
3086
-683
159
2198
5179
3050
1449
-1827
2411
-1490
-2744
3130
4242
4933
1576
2805
-1388
6815
-634
6073
4441
-910
5800
5795
1547
-1080
4021
-1020
4480
6360
-2656
3173
-1401
2148
5731
2479
5761
-1958
6428
3043
6387
3824
-236
2934
3307
3723
5804
-427
-1267
-2311
-2184
6721
1861
6477
5397
3457
6493
888
548
855
428
6017
5750
-430
2681
489
2052
-2367
-1739
76
-1541
6585
-39
-270
751
4714
4676
6965
429
2598
6202
5115
2054
-2313
-1671
-1778
218
1634
6466
3187
4596
3224
-1084
6229
-1662
-1471
-1460
694
6505
6902
553
2531
-2400
6796
1306
-320
4964
5168
6992
-1583
-247
-2334
3901
-172
-2263
-181
6728
5037
5392
2469
5592
5807
-594
277
2325
4533
4748
5984
118
1014
204
-1676
3569
-861
68
4952
22
974
-1908
-1727
137
2274
-1052
6597
207
-2694
617
3342
-971
416
-73
2645
3967
-2453
-1227
-1522
-2175
-1224
3497
6821
4286
-908
4277
944
-965
-1706
5929
5820
1962
4425
1007
-1052
-2646
3236
505
3209
2349
2717
-173
-2537
6202
1996
-465
144
-972
3908
-2437
1931
5729
-1674
3129
6071
-264
3271
-1663
-168
4056
4711
-22
-2768
-942
5528
4465
-272
2582
6002
4128
3809
5771
4497
5555
-2425
-2287
6924
-1353
-2742
-639
-1869
5997
5240
3879
-2291
4440
-1551
851
-2080
3813
1118
1932
-2450
5004
6748
3218
6419
-2322
872
-51
1964
-1825
3893
6540
-2850
515
3414
1623
859
5914
-2218
-2789
2233
2682
-2633
5985
4423
4830
2223
26
4537
702
3141
4894
4428
5019
1116
5315
6410
-1118
-1576
-836
6091
3322
6245
5308
-132
6922
-2284
5663
6609
2544
-1033
6194
880
-653
6120
6818
1461
1174
774
1872
-220
2203
-915
3198
815
2788
3137
-166
1145
4678
5961
5678
2777
-2030
-2362
-455
6663
1062
-2597
-84
-618
2710
-2783
4831
4561
3780
2029
-2896
1994
-2943
-1326
-2023
4836
-899
-299
6924
6144
1015
-1542
6635
4930
4072
1311
1872
3577
5895
1762
2535
5302
-1324
-2531
6636
6595
853
-1293
5139
1233
2674
-457
29
2483
4769
-2305
-2936
5891
6881
-1802
551
3930
-1589
6367
-1073
110
2028
95
-789
-2208
4506
560
-612
4778
4248
3562
-2249
-2770
1297
5687
5702
3945
4491
4261
1560
1961
5081
1252
1239
2079
-1871
-2036
344
2056
751
-2250
-2657
-807
2888
-458
2351
-2977
5142
-403
-587
2902
-2299
4768
5004
4289
6454
5818
-2848
1877
-1962
6793
2827
-2821
5492
1051
2046
5583
-498
2676
4335
658
4121
1505
1052
3340
546
-1323
6634
5998
2612
3916
1974
-1525
2395
5652
6219
6042
6050
2698
910
2692
-94
6323
-1442
431
-282
4561
-372
1873
-2602
3084
5389
2204
6338
573
-1747
1220
-193
3066
-2700
3457
3129
4406
-2368
-812
71
1562
462
2784
6586
-1979
3584
-1355
3352
4306
785
6370
2616
-1883
-1201
370
-2973
-2927
3556
435
-26
6296
-466
5899
4682
4887
1533
4269
96
1398
3245
-167
-2676
1832
-1259
5025
6841
3729
6672
-1189
2452
-2262
2375
-1208
452
4083
4771
-567
124
3456
96
815
-2711
4005
1609
-1840
6322
2553
1256
4555
1072
4645
-2074
5384
-2882
4882
-166
-65
3928
6181
6641
4694
1002
-61
3105
5172
3343
1402
410
60
4195
1032
3488
2471
2803
-921
3979
4847
6275
1155
1996
-1425
4039
-2025
6564
809
-13
-756
3057
3069
4251
-2316
3334
-2449
6593
-1113
2256
-1862
4393
4708
3423
6695
4604
-1526
6664
4338
-2304
27
-474
2463
1931
5059
5252
-2517
652
6472
2242
3484
-2204
3300
1657
5954
-2288
2224
3461
4509
1964
-2148
-2189
-2262
1328
-2671
-1691
-2539
-280
5999
-2883
-2378
1093
2889
5679
-1827
-2197
3381
1616
-344
5593
-751
-1712
6012
4705
5099
-171
4480
-92
2777
743
6365
-371
1976
3265
5380
5198
5157
3228
1814
2732
-1766
6849
288
-2681
-2712
1691
-192
1377
-2611
3293
1491
-2747
1156
786
5523
3264
4899
-2258
6979
6607
2754
-1456
2569
-1010
2176
-114
3650
-1160
-1794
4172
-72
2461
425
-1628
2377
6895
-1806
-1376
-624
-2552
1920
117
-1186
660
-825
6555
-1858
4962
5538
876
3901
-1890
5587
4139
4674
2327
-1935
3885
4
-166
2176
-2361
2323
-1191
-975
-2199
513
2680
-2424
6705
526
2700
-521
6555
4917
5996
-971
1662
4513
2021
-2142
-1871
3923
6769
1402
6223
4011
4461
5299
4856
2499
5015
1942
2825
5719
3859
760
3145
6074
4019
1523
5934
6779
357
112
4132
957
1563
3259
1511
6531
6514
-1507
5891
2765
5724
-2791
1335
527
3769
-2725
4497
1292
1428
-611
4251
5357
1146
-309
-2248
1793
4210
-432
-2639
-496
576
4677
3055
-2369
3032
6147
5905
5552
-998
5355
3682
3297
3894
6210
3501
473
-100
6561
-1553
113
-571
4080
-339
-429
-1670
-2543
4516
1715
5620
6567
264
2614
1658
5966
-2578
-1568
1939
-661
-92
6931
24
605
5136
5937
5085
2355
4731
4985
2262
1707
-2179
2631
-1007
3493
-1387
721
1997
1520
-361
2287
744
5444
-713
-702
2470
2165
-2902
5267
-1334
2613
1463
3291
6404
-370
5487
149
4644
5983
2729
4896
-1393
4134
-2361
6868
3169
2185
6784
-870
-1984
3003
2630
989
4204
-1274
2552
2044
-76
5725
5913
-143
-222
411
-2931
2601
1197
-1062
3574
-2049
1328
2056
-437
-1676
5306
-1800
5760
5825
4537
418
1295
-370
5334
-1419
5840
-2735
2816
131
2591
-2641
617
-2550
5693
-1263
516
3693
1693
-663
2536
-1682
-1838
5027
-701
3112
6485
2173
4750
3258
2365
2999
5490
-203
4422
5192
468
6386
-1608
-1451
3311
2546
5726
5546
6335
3020
1671
2684
359
3651
4817
417
-1397
3289
1782
-1795
-780
4211
4555
-2021
5694
-193
-707
5946
101
344
772
-807
695
6075
2463
-1824
-1211
3220
-380
1991
5005
-1062
1857
-1147
2835
5100
1210
1304
-916
-1139
3213
363
-22
3577
481
4871
-2328
-990
1270
2246
6574
2409
-1885
1076
5542
447
6780
5386
5446
967
-1044
2005
571
5009
1724
1293
1138
-2777
4555
1233
3267
-2221
2688
-2249
5245
5087
221
6776
4309
-1345
6910
6524
187
6895
4640
4418
3039
1813
-2698
5029
401
4676
394
3382
5526
5872
2850
313
6140
4063
6684
-1885
5546
-1102
-1944
1282
-138
5991
5951
6508
-2373
-795
-1898
4007
3754
-1038
5516
597
-1451
-1162
3385
1219
-1625
1568
6029
5432
2425
-1685
2211
3279
-773
3281
-1008
-1650
1868
-2077
3943
1366
4937
2045
